#    time[fs]         Re(autocorrel)     Im(autocorrel)     Abs(autocorrel)
     0.00000000       1.00000000000000   0.00000000000000   1.00000000000000
     2.00000000      -0.02150131117548   0.03043788453088   0.03726622058889
     4.00000000       0.00000302431813  -0.00000340317056   0.00000455280903
     6.00000000      -0.00000000000603  -0.00000000001893   0.00000000001987
     8.00000000       0.00000000000000   0.00000000000000   0.00000000000000
     10.0000000       0.00000000000000   0.00000000000000   0.00000000000000
     12.0000000       0.00000000000000   0.00000000000000   0.00000000000000
     14.0000000      -0.00000000000000  -0.00000000000000   0.00000000000000
     16.0000000       0.00000000000000   0.00000000000000   0.00000000000000
     18.0000000       0.00000000000000  -0.00000000000000   0.00000000000000
     20.0000000      -0.00000000000000  -0.00000000000000   0.00000000000000
     22.0000000      -0.00000000000000   0.00000000000000   0.00000000000000
     24.0000000      -0.00000000000000   0.00000000000000   0.00000000000000
     26.0000000       0.00000000000000   0.00000000000000   0.00000000000000
     28.0000000      -0.00000000000000  -0.00000000000000   0.00000000000000
     30.0000000       0.00000000000000   0.00000000000000   0.00000000000000
     32.0000000      -0.00000000000000   0.00000000000000   0.00000000000000
     34.0000000      -0.00000000000000  -0.00000000000000   0.00000000000000
     36.0000000      -0.00000000000000  -0.00000000000000   0.00000000000000
     38.0000000      -0.00000000000000  -0.00000000000000   0.00000000000000
     40.0000000      -0.00000000000000   0.00000000000000   0.00000000000000
     42.0000000      -0.00000000000000  -0.00000000000000   0.00000000000000
     44.0000000      -0.00000000000000  -0.00000000000000   0.00000000000000
     46.0000000       0.00000000000000   0.00000000000000   0.00000000000000
     48.0000000      -0.00000000000000  -0.00000000000000   0.00000000000000
     50.0000000      -0.00000000000000  -0.00000000000000   0.00000000000000
     52.0000000      -0.00000000000000  -0.00000000000000   0.00000000000000
     54.0000000       0.00000000000000  -0.00000000000000   0.00000000000000
     56.0000000       0.00000000000000   0.00000000000000   0.00000000000000
     58.0000000      -0.00000000000000  -0.00000000000000   0.00000000000000
     60.0000000       0.00000000000000   0.00000000000000   0.00000000000000
     62.0000000      -0.00000000000000  -0.00000000000000   0.00000000000000
     64.0000000       0.00000000000000  -0.00000000000000   0.00000000000000
     66.0000000       0.00000000000000   0.00000000000000   0.00000000000000
     68.0000000      -0.00000000000000   0.00000000000000   0.00000000000000
     70.0000000       0.00000000000000   0.00000000000000   0.00000000000000
     72.0000000      -0.00000000000000  -0.00000000000000   0.00000000000000
     74.0000000       0.00000000000000  -0.00000000000000   0.00000000000000
     76.0000000       0.00000000000000   0.00000000000000   0.00000000000000
     78.0000000       0.00000000000000   0.00000000000000   0.00000000000000
     80.0000000      -0.00000000000000   0.00000000000000   0.00000000000000
     82.0000000      -0.00000000000000   0.00000000000000   0.00000000000000
     84.0000000      -0.00000000000000  -0.00000000000000   0.00000000000000
     86.0000000      -0.00000000000000   0.00000000000000   0.00000000000000
     88.0000000       0.00000000000000   0.00000000000000   0.00000000000000
     90.0000000       0.00000000000000   0.00000000000000   0.00000000000000
     92.0000000      -0.00000000000000   0.00000000000000   0.00000000000000
     94.0000000       0.00000000000000  -0.00000000000000   0.00000000000000
     96.0000000      -0.00000000000000   0.00000000000000   0.00000000000000
     98.0000000       0.00000000000000  -0.00000000000000   0.00000000000000
     100.000000       0.00000000000000   0.00000000000000   0.00000000000000
     102.000000      -0.00000000000000   0.00000000000000   0.00000000000000
     104.000000      -0.00000000000000   0.00000000000000   0.00000000000000
     106.000000       0.00000000000000   0.00000000000000   0.00000000000000
     108.000000      -0.00000000000000  -0.00000000000000   0.00000000000000
     110.000000       0.00000000000000  -0.00000000000000   0.00000000000000
     112.000000       0.00000000000000   0.00000000000000   0.00000000000000
     114.000000       0.00000000000000   0.00000000000000   0.00000000000000
     116.000000       0.00000000000000  -0.00000000000000   0.00000000000000
     118.000000       0.00000000000000  -0.00000000000000   0.00000000000000
     120.000000       0.00000000000000  -0.00000000000000   0.00000000000000
     122.000000       0.00000000000000   0.00000000000000   0.00000000000000
     124.000000      -0.00000000000000  -0.00000000000000   0.00000000000000
     126.000000      -0.00000000000000   0.00000000000000   0.00000000000000
     128.000000      -0.00000000000000   0.00000000000000   0.00000000000000
     130.000000      -0.00000000000000  -0.00000000000000   0.00000000000000
     132.000000       0.00000000000000  -0.00000000000000   0.00000000000000
     134.000000      -0.00000000000000   0.00000000000000   0.00000000000000
     136.000000      -0.00000000000000  -0.00000000000000   0.00000000000000
     138.000000       0.00000000000000   0.00000000000000   0.00000000000000
     140.000000      -0.00000000000000   0.00000000000000   0.00000000000000
     142.000000      -0.00000000000000   0.00000000000000   0.00000000000000
     144.000000       0.00000000000000   0.00000000000000   0.00000000000000
     146.000000      -0.00000000000000   0.00000000000000   0.00000000000000
     148.000000      -0.00000000000000  -0.00000000000000   0.00000000000000
     150.000000      -0.00000000000000  -0.00000000000000   0.00000000000000
     152.000000      -0.00000000000000  -0.00000000000000   0.00000000000000
     154.000000      -0.00000000000000  -0.00000000000000   0.00000000000000
     156.000000      -0.00000000000000  -0.00000000000000   0.00000000000000
     158.000000       0.00000000000000  -0.00000000000000   0.00000000000000
     160.000000       0.00000000000000   0.00000000000000   0.00000000000000
     162.000000       0.00000000000000  -0.00000000000000   0.00000000000000
     164.000000      -0.00000000000000  -0.00000000000000   0.00000000000000
     166.000000       0.00000000000000  -0.00000000000000   0.00000000000000
     168.000000       0.00000000000000   0.00000000000000   0.00000000000000
     170.000000      -0.00000000000000   0.00000000000000   0.00000000000000
     172.000000      -0.00000000000000  -0.00000000000000   0.00000000000000
     174.000000       0.00000000000000  -0.00000000000000   0.00000000000000
     176.000000       0.00000000000000   0.00000000000000   0.00000000000000
     178.000000       0.00000000000000   0.00000000000000   0.00000000000000
     180.000000       0.00000000000000  -0.00000000000000   0.00000000000000
     182.000000      -0.00000000000000  -0.00000000000000   0.00000000000000
     184.000000       0.00000000000000  -0.00000000000000   0.00000000000000
     186.000000       0.00000000000000  -0.00000000000000   0.00000000000000
     188.000000       0.00000000000000  -0.00000000000000   0.00000000000000
     190.000000       0.00000000000000  -0.00000000000000   0.00000000000000
     192.000000       0.00000000000000  -0.00000000000000   0.00000000000000
     194.000000       0.00000000000000  -0.00000000000000   0.00000000000000
     196.000000       0.00000000000000  -0.00000000000000   0.00000000000000
     198.000000      -0.00000000000000   0.00000000000000   0.00000000000000
     200.000000       0.00000000000000   0.00000000000000   0.00000000000000
     202.000000       0.00000000000000   0.00000000000000   0.00000000000000
     204.000000      -0.00000000000000   0.00000000000000   0.00000000000000
     206.000000      -0.00000000000000  -0.00000000000000   0.00000000000000
     208.000000       0.00000000000000   0.00000000000000   0.00000000000000
     210.000000      -0.00000000000000   0.00000000000000   0.00000000000000
     212.000000       0.00000000000000  -0.00000000000000   0.00000000000000
     214.000000       0.00000000000000  -0.00000000000000   0.00000000000000
     216.000000       0.00000000000000  -0.00000000000000   0.00000000000000
     218.000000      -0.00000000000000  -0.00000000000000   0.00000000000000
     220.000000       0.00000000000000   0.00000000000000   0.00000000000000
     222.000000      -0.00000000000000   0.00000000000000   0.00000000000000
     224.000000      -0.00000000000000   0.00000000000000   0.00000000000000
     226.000000      -0.00000000000000   0.00000000000000   0.00000000000000
     228.000000      -0.00000000000000   0.00000000000000   0.00000000000000
     230.000000       0.00000000000000   0.00000000000000   0.00000000000000
     232.000000      -0.00000000000000   0.00000000000000   0.00000000000000
     234.000000      -0.00000000000000  -0.00000000000000   0.00000000000000
     236.000000       0.00000000000000   0.00000000000000   0.00000000000000
     238.000000       0.00000000000000  -0.00000000000000   0.00000000000000
     240.000000       0.00000000000000  -0.00000000000000   0.00000000000000
     242.000000       0.00000000000000  -0.00000000000000   0.00000000000000
     244.000000       0.00000000000000   0.00000000000000   0.00000000000000
     246.000000      -0.00000000000000  -0.00000000000000   0.00000000000000
     248.000000       0.00000000000000  -0.00000000000000   0.00000000000000
     250.000000       0.00000000000000   0.00000000000000   0.00000000000000
     252.000000      -0.00000000000000   0.00000000000000   0.00000000000000
     254.000000      -0.00000000000000   0.00000000000000   0.00000000000000
     256.000000       0.00000000000000   0.00000000000000   0.00000000000000
     258.000000      -0.00000000000000  -0.00000000000000   0.00000000000000
     260.000000      -0.00000000000000  -0.00000000000000   0.00000000000000
     262.000000      -0.00000000000000  -0.00000000000000   0.00000000000000
     264.000000      -0.00000000000000  -0.00000000000000   0.00000000000000
     266.000000      -0.00000000000000   0.00000000000000   0.00000000000000
     268.000000      -0.00000000000000   0.00000000000000   0.00000000000000
     270.000000      -0.00000000000000  -0.00000000000000   0.00000000000000
     272.000000       0.00000000000000   0.00000000000000   0.00000000000000
     274.000000      -0.00000000000000  -0.00000000000000   0.00000000000000
     276.000000      -0.00000000000000  -0.00000000000000   0.00000000000000
     278.000000       0.00000000000000  -0.00000000000000   0.00000000000000
     280.000000       0.00000000000000   0.00000000000000   0.00000000000000
     282.000000      -0.00000000000000   0.00000000000000   0.00000000000000
     284.000000       0.00000000000000  -0.00000000000000   0.00000000000000
     286.000000       0.00000000000000   0.00000000000000   0.00000000000000
     288.000000      -0.00000000000000   0.00000000000000   0.00000000000000
     290.000000      -0.00000000000000   0.00000000000000   0.00000000000000
     292.000000       0.00000000000000   0.00000000000000   0.00000000000000
     294.000000      -0.00000000000000  -0.00000000000000   0.00000000000000
     296.000000       0.00000000000000  -0.00000000000000   0.00000000000000
     298.000000       0.00000000000000  -0.00000000000000   0.00000000000000
     300.000000       0.00000000000000  -0.00000000000000   0.00000000000000
     302.000000       0.00000000000000  -0.00000000000000   0.00000000000000
     304.000000      -0.00000000000000  -0.00000000000000   0.00000000000000
     306.000000      -0.00000000000000  -0.00000000000000   0.00000000000000
     308.000000       0.00000000000000  -0.00000000000000   0.00000000000000
     310.000000      -0.00000000000000   0.00000000000000   0.00000000000000
     312.000000       0.00000000000000   0.00000000000000   0.00000000000000
     314.000000       0.00000000000000   0.00000000000000   0.00000000000000
     316.000000       0.00000000000000   0.00000000000000   0.00000000000000
     318.000000      -0.00000000000000   0.00000000000000   0.00000000000000
     320.000000       0.00000000000000  -0.00000000000000   0.00000000000000
     322.000000      -0.00000000000000   0.00000000000000   0.00000000000000
     324.000000      -0.00000000000000  -0.00000000000000   0.00000000000000
     326.000000       0.00000000000000  -0.00000000000000   0.00000000000000
     328.000000       0.00000000000000  -0.00000000000000   0.00000000000000
     330.000000      -0.00000000000000  -0.00000000000000   0.00000000000000
     332.000000       0.00000000000000   0.00000000000000   0.00000000000000
     334.000000      -0.00000000000000   0.00000000000000   0.00000000000000
     336.000000      -0.00000000000000   0.00000000000000   0.00000000000000
     338.000000       0.00000000000000   0.00000000000000   0.00000000000000
     340.000000       0.00000000000000   0.00000000000000   0.00000000000000
     342.000000       0.00000000000000   0.00000000000000   0.00000000000000
     344.000000       0.00000000000000   0.00000000000000   0.00000000000000
     346.000000      -0.00000000000000  -0.00000000000000   0.00000000000000
     348.000000       0.00000000000000   0.00000000000000   0.00000000000000
     350.000000       0.00000000000000   0.00000000000000   0.00000000000000
     352.000000       0.00000000000000   0.00000000000000   0.00000000000000
     354.000000      -0.00000000000000   0.00000000000000   0.00000000000000
     356.000000      -0.00000000000000  -0.00000000000000   0.00000000000000
     358.000000       0.00000000000000  -0.00000000000000   0.00000000000000
     360.000000       0.00000000000000   0.00000000000000   0.00000000000000
     362.000000      -0.00000000000000   0.00000000000000   0.00000000000000
     364.000000      -0.00000000000000   0.00000000000000   0.00000000000000
     366.000000       0.00000000000000   0.00000000000000   0.00000000000000
     368.000000       0.00000000000000  -0.00000000000000   0.00000000000000
     370.000000      -0.00000000000000   0.00000000000000   0.00000000000000
     372.000000      -0.00000000000000   0.00000000000000   0.00000000000000
     374.000000      -0.00000000000000   0.00000000000000   0.00000000000000
     376.000000      -0.00000000000000   0.00000000000000   0.00000000000000
     378.000000      -0.00000000000000   0.00000000000000   0.00000000000000
     380.000000       0.00000000000000   0.00000000000000   0.00000000000000
     382.000000      -0.00000000000000   0.00000000000000   0.00000000000000
     384.000000       0.00000000000000  -0.00000000000000   0.00000000000000
     386.000000      -0.00000000000000  -0.00000000000000   0.00000000000000
     388.000000      -0.00000000000000  -0.00000000000000   0.00000000000000
     390.000000      -0.00000000000000  -0.00000000000000   0.00000000000000
     392.000000       0.00000000000000   0.00000000000000   0.00000000000000
     394.000000      -0.00000000000000   0.00000000000000   0.00000000000000
     396.000000       0.00000000000000  -0.00000000000000   0.00000000000000
     398.000000       0.00000000000000   0.00000000000000   0.00000000000000
     400.000000      -0.00000000000000   0.00000000000000   0.00000000000000
     402.000000      -0.00000000000000   0.00000000000000   0.00000000000000
     404.000000       0.00000000000000   0.00000000000000   0.00000000000000
     406.000000      -0.00000000000000  -0.00000000000000   0.00000000000000
     408.000000       0.00000000000000  -0.00000000000000   0.00000000000000
     410.000000       0.00000000000000  -0.00000000000000   0.00000000000000
     412.000000      -0.00000000000000  -0.00000000000000   0.00000000000000
     414.000000      -0.00000000000000  -0.00000000000000   0.00000000000000
     416.000000      -0.00000000000000  -0.00000000000000   0.00000000000000
     418.000000      -0.00000000000000  -0.00000000000000   0.00000000000000
     420.000000       0.00000000000000  -0.00000000000000   0.00000000000000
     422.000000      -0.00000000000000   0.00000000000000   0.00000000000000
     424.000000       0.00000000000000   0.00000000000000   0.00000000000000
     426.000000       0.00000000000000   0.00000000000000   0.00000000000000
     428.000000      -0.00000000000000   0.00000000000000   0.00000000000000
     430.000000      -0.00000000000000  -0.00000000000000   0.00000000000000
     432.000000       0.00000000000000  -0.00000000000000   0.00000000000000
     434.000000      -0.00000000000000   0.00000000000000   0.00000000000000
     436.000000      -0.00000000000000  -0.00000000000000   0.00000000000000
     438.000000      -0.00000000000000  -0.00000000000000   0.00000000000000
     440.000000      -0.00000000000000  -0.00000000000000   0.00000000000000
     442.000000      -0.00000000000000   0.00000000000000   0.00000000000000
     444.000000       0.00000000000000  -0.00000000000000   0.00000000000000
     446.000000       0.00000000000000  -0.00000000000000   0.00000000000000
     448.000000       0.00000000000000   0.00000000000000   0.00000000000000
     450.000000       0.00000000000000  -0.00000000000000   0.00000000000000
     452.000000       0.00000000000000  -0.00000000000000   0.00000000000000
     454.000000       0.00000000000000  -0.00000000000000   0.00000000000000
     456.000000       0.00000000000000   0.00000000000000   0.00000000000000
     458.000000      -0.00000000000000   0.00000000000000   0.00000000000000
     460.000000       0.00000000000000   0.00000000000000   0.00000000000000
     462.000000       0.00000000000000   0.00000000000000   0.00000000000000
     464.000000      -0.00000000000000   0.00000000000000   0.00000000000000
     466.000000      -0.00000000000000  -0.00000000000000   0.00000000000000
     468.000000       0.00000000000000  -0.00000000000000   0.00000000000000
     470.000000      -0.00000000000000   0.00000000000000   0.00000000000000
     472.000000      -0.00000000000000  -0.00000000000000   0.00000000000000
     474.000000      -0.00000000000000  -0.00000000000000   0.00000000000000
     476.000000      -0.00000000000000  -0.00000000000000   0.00000000000000
     478.000000      -0.00000000000000   0.00000000000000   0.00000000000000
     480.000000       0.00000000000000  -0.00000000000000   0.00000000000000
     482.000000       0.00000000000000   0.00000000000000   0.00000000000000
     484.000000      -0.00000000000000   0.00000000000000   0.00000000000000
     486.000000       0.00000000000000   0.00000000000000   0.00000000000000
     488.000000       0.00000000000000   0.00000000000000   0.00000000000000
     490.000000       0.00000000000000  -0.00000000000000   0.00000000000000
     492.000000       0.00000000000000   0.00000000000000   0.00000000000000
     494.000000       0.00000000000000   0.00000000000000   0.00000000000000
     496.000000      -0.00000000000000  -0.00000000000000   0.00000000000000
     498.000000      -0.00000000000000   0.00000000000000   0.00000000000000
     500.000000      -0.00000000000000   0.00000000000000   0.00000000000000
     502.000000      -0.00000000000000  -0.00000000000000   0.00000000000000
     504.000000       0.00000000000000  -0.00000000000000   0.00000000000000
     506.000000      -0.00000000000000   0.00000000000000   0.00000000000000
     508.000000       0.00000000000000  -0.00000000000000   0.00000000000000
     510.000000       0.00000000000000   0.00000000000000   0.00000000000000
     512.000000      -0.00000000000000   0.00000000000000   0.00000000000000
     514.000000      -0.00000000000000   0.00000000000000   0.00000000000000
     516.000000       0.00000000000000  -0.00000000000000   0.00000000000000
     518.000000      -0.00000000000000   0.00000000000000   0.00000000000000
     520.000000      -0.00000000000000  -0.00000000000000   0.00000000000000
     522.000000      -0.00000000000000  -0.00000000000000   0.00000000000000
     524.000000      -0.00000000000000  -0.00000000000000   0.00000000000000
     526.000000      -0.00000000000000  -0.00000000000000   0.00000000000000
     528.000000      -0.00000000000000  -0.00000000000000   0.00000000000000
     530.000000      -0.00000000000000  -0.00000000000000   0.00000000000000
     532.000000       0.00000000000000   0.00000000000000   0.00000000000000
     534.000000      -0.00000000000000  -0.00000000000000   0.00000000000000
     536.000000      -0.00000000000000   0.00000000000000   0.00000000000000
     538.000000      -0.00000000000000   0.00000000000000   0.00000000000000
     540.000000      -0.00000000000000  -0.00000000000000   0.00000000000000
     542.000000       0.00000000000000  -0.00000000000000   0.00000000000000
     544.000000       0.00000000000000   0.00000000000000   0.00000000000000
     546.000000      -0.00000000000000   0.00000000000000   0.00000000000000
     548.000000      -0.00000000000000  -0.00000000000000   0.00000000000000
     550.000000       0.00000000000000  -0.00000000000000   0.00000000000000
     552.000000      -0.00000000000000  -0.00000000000000   0.00000000000000
     554.000000      -0.00000000000000   0.00000000000000   0.00000000000000
     556.000000      -0.00000000000000  -0.00000000000000   0.00000000000000
     558.000000       0.00000000000000  -0.00000000000000   0.00000000000000
     560.000000       0.00000000000000  -0.00000000000000   0.00000000000000
     562.000000      -0.00000000000000  -0.00000000000000   0.00000000000000
     564.000000      -0.00000000000000  -0.00000000000000   0.00000000000000
     566.000000      -0.00000000000000  -0.00000000000000   0.00000000000000
     568.000000       0.00000000000000  -0.00000000000000   0.00000000000000
     570.000000      -0.00000000000000   0.00000000000000   0.00000000000000
     572.000000       0.00000000000000   0.00000000000000   0.00000000000000
     574.000000       0.00000000000000   0.00000000000000   0.00000000000000
     576.000000      -0.00000000000000   0.00000000000000   0.00000000000000
     578.000000      -0.00000000000000  -0.00000000000000   0.00000000000000
     580.000000       0.00000000000000   0.00000000000000   0.00000000000000
     582.000000      -0.00000000000000   0.00000000000000   0.00000000000000
     584.000000      -0.00000000000000  -0.00000000000000   0.00000000000000
     586.000000       0.00000000000000  -0.00000000000000   0.00000000000000
     588.000000       0.00000000000000  -0.00000000000000   0.00000000000000
     590.000000      -0.00000000000000  -0.00000000000000   0.00000000000000
     592.000000       0.00000000000000   0.00000000000000   0.00000000000000
     594.000000       0.00000000000000   0.00000000000000   0.00000000000000
     596.000000      -0.00000000000000   0.00000000000000   0.00000000000000
     598.000000       0.00000000000000   0.00000000000000   0.00000000000000
     600.000000       0.00000000000000   0.00000000000000   0.00000000000000
