#    Start: ------ Host: "tp-linux1" ----------Wed Mar 22 15:34:10 2017

#    Time[fs]   CPU-time[s]     Delta-CPU    Real time        RealT[s]     [h]
#        0.00           0.1                  Mar 22 15:34:10         0     0.0
         1.00           0.1         0.050    Mar 22 15:34:10         0     0.0
         2.00           0.1         0.020    Mar 22 15:34:10         0     0.0
         3.00           0.2         0.020    Mar 22 15:34:10         0     0.0
         4.00           0.2         0.030    Mar 22 15:34:10         0     0.0
         5.00           0.2         0.030    Mar 22 15:34:11         1     0.0
         6.00           0.3         0.040    Mar 22 15:34:11         1     0.0
         7.00           0.3         0.050    Mar 22 15:34:11         1     0.0
         8.00           0.4         0.050    Mar 22 15:34:11         1     0.0
         9.00           0.4         0.060    Mar 22 15:34:11         1     0.0
        10.00           0.5         0.060    Mar 22 15:34:11         1     0.0
        11.00           0.5         0.060    Mar 22 15:34:11         1     0.0
        12.00           0.6         0.060    Mar 22 15:34:11         1     0.0
        13.00           0.7         0.060    Mar 22 15:34:11         1     0.0
        14.00           0.7         0.050    Mar 22 15:34:11         1     0.0
        15.00           0.8         0.060    Mar 22 15:34:11         1     0.0
        16.00           0.8         0.040    Mar 22 15:34:11         1     0.0
        17.00           0.8         0.030    Mar 22 15:34:11         1     0.0
        18.00           0.9         0.030    Mar 22 15:34:11         1     0.0
        19.00           0.9         0.030    Mar 22 15:34:11         1     0.0
        20.00           0.9         0.030    Mar 22 15:34:11         1     0.0
        21.00           1.0         0.040    Mar 22 15:34:11         1     0.0
        22.00           1.0         0.030    Mar 22 15:34:11         1     0.0
        23.00           1.0         0.040    Mar 22 15:34:11         1     0.0
        24.00           1.1         0.040    Mar 22 15:34:11         1     0.0
        25.00           1.1         0.050    Mar 22 15:34:11         1     0.0
        26.00           1.2         0.060    Mar 22 15:34:11         1     0.0
        27.00           1.3         0.070    Mar 22 15:34:12         2     0.0
        28.00           1.3         0.060    Mar 22 15:34:12         2     0.0
        29.00           1.4         0.070    Mar 22 15:34:12         2     0.0
        30.00           1.5         0.080    Mar 22 15:34:12         2     0.0
        31.00           1.5         0.080    Mar 22 15:34:12         2     0.0
        32.00           1.6         0.060    Mar 22 15:34:12         2     0.0
        33.00           1.7         0.070    Mar 22 15:34:12         2     0.0
        34.00           1.7         0.060    Mar 22 15:34:12         2     0.0
        35.00           1.8         0.060    Mar 22 15:34:12         2     0.0
        36.00           1.8         0.050    Mar 22 15:34:12         2     0.0
        37.00           1.9         0.040    Mar 22 15:34:12         2     0.0
        38.00           1.9         0.030    Mar 22 15:34:12         2     0.0
        39.00           1.9         0.030    Mar 22 15:34:12         2     0.0
        40.00           2.0         0.040    Mar 22 15:34:12         2     0.0
        41.00           2.0         0.030    Mar 22 15:34:12         2     0.0
        42.00           2.1         0.040    Mar 22 15:34:12         2     0.0
        43.00           2.1         0.050    Mar 22 15:34:12         2     0.0
        44.00           2.2         0.050    Mar 22 15:34:12         2     0.0
        45.00           2.2         0.060    Mar 22 15:34:13         3     0.0
        46.00           2.3         0.060    Mar 22 15:34:13         3     0.0
        47.00           2.4         0.090    Mar 22 15:34:13         3     0.0
        48.00           2.4         0.060    Mar 22 15:34:13         3     0.0
        49.00           2.5         0.070    Mar 22 15:34:13         3     0.0
        50.00           2.6         0.080    Mar 22 15:34:13         3     0.0
        51.00           2.6         0.070    Mar 22 15:34:13         3     0.0
        52.00           2.7         0.060    Mar 22 15:34:13         3     0.0
        53.00           2.8         0.050    Mar 22 15:34:13         3     0.0
        54.00           2.8         0.040    Mar 22 15:34:13         3     0.0
        55.00           2.9         0.050    Mar 22 15:34:13         3     0.0
        56.00           2.9         0.030    Mar 22 15:34:13         3     0.0
        57.00           2.9         0.020    Mar 22 15:34:13         3     0.0
        58.00           2.9         0.030    Mar 22 15:34:13         3     0.0
        59.00           3.0         0.040    Mar 22 15:34:13         3     0.0
        60.00           3.0         0.030    Mar 22 15:34:13         3     0.0
        61.00           3.0         0.030    Mar 22 15:34:13         3     0.0
        62.00           3.1         0.050    Mar 22 15:34:13         3     0.0
        63.00           3.1         0.050    Mar 22 15:34:13         3     0.0
        64.00           3.2         0.060    Mar 22 15:34:13         3     0.0
        65.00           3.3         0.070    Mar 22 15:34:14         4     0.0
        66.00           3.3         0.070    Mar 22 15:34:14         4     0.0
        67.00           3.4         0.060    Mar 22 15:34:14         4     0.0
        68.00           3.5         0.070    Mar 22 15:34:14         4     0.0
        69.00           3.5         0.080    Mar 22 15:34:14         4     0.0
        70.00           3.6         0.060    Mar 22 15:34:14         4     0.0
        71.00           3.6         0.050    Mar 22 15:34:14         4     0.0
        72.00           3.7         0.050    Mar 22 15:34:14         4     0.0
        73.00           3.8         0.050    Mar 22 15:34:14         4     0.0
        74.00           3.8         0.050    Mar 22 15:34:14         4     0.0
        75.00           3.8         0.020    Mar 22 15:34:14         4     0.0
        76.00           3.8         0.030    Mar 22 15:34:14         4     0.0
        77.00           3.9         0.030    Mar 22 15:34:14         4     0.0
        78.00           3.9         0.030    Mar 22 15:34:14         4     0.0
        79.00           3.9         0.030    Mar 22 15:34:14         4     0.0
        80.00           4.0         0.040    Mar 22 15:34:14         4     0.0
        81.00           4.1         0.090    Mar 22 15:34:14         4     0.0
        82.00           4.1         0.070    Mar 22 15:34:14         4     0.0
        83.00           4.2         0.070    Mar 22 15:34:15         5     0.0
        84.00           4.3         0.080    Mar 22 15:34:15         5     0.0
        85.00           4.4         0.070    Mar 22 15:34:15         5     0.0
        86.00           4.4         0.080    Mar 22 15:34:15         5     0.0
        87.00           4.5         0.080    Mar 22 15:34:15         5     0.0
        88.00           4.6         0.060    Mar 22 15:34:15         5     0.0
        89.00           4.6         0.060    Mar 22 15:34:15         5     0.0
        90.00           4.7         0.050    Mar 22 15:34:15         5     0.0
        91.00           4.7         0.050    Mar 22 15:34:15         5     0.0
        92.00           4.8         0.040    Mar 22 15:34:15         5     0.0
        93.00           4.8         0.040    Mar 22 15:34:15         5     0.0
        94.00           4.8         0.030    Mar 22 15:34:15         5     0.0
        95.00           4.9         0.030    Mar 22 15:34:15         5     0.0
        96.00           4.9         0.020    Mar 22 15:34:15         5     0.0
        97.00           4.9         0.040    Mar 22 15:34:15         5     0.0
        98.00           5.0         0.040    Mar 22 15:34:15         5     0.0
        99.00           5.0         0.030    Mar 22 15:34:15         5     0.0
       100.00           5.1         0.060    Mar 22 15:34:15         5     0.0
       101.00           5.1         0.060    Mar 22 15:34:15         5     0.0
       102.00           5.2         0.070    Mar 22 15:34:15         5     0.0
       103.00           5.3         0.060    Mar 22 15:34:16         6     0.0
       104.00           5.3         0.080    Mar 22 15:34:16         6     0.0
       105.00           5.4         0.060    Mar 22 15:34:16         6     0.0
       106.00           5.5         0.080    Mar 22 15:34:16         6     0.0
       107.00           5.5         0.070    Mar 22 15:34:16         6     0.0
       108.00           5.7         0.110    Mar 22 15:34:16         6     0.0
       109.00           5.7         0.060    Mar 22 15:34:16         6     0.0
       110.00           5.8         0.050    Mar 22 15:34:16         6     0.0
       111.00           5.8         0.040    Mar 22 15:34:16         6     0.0
       112.00           5.8         0.040    Mar 22 15:34:16         6     0.0
       113.00           5.9         0.030    Mar 22 15:34:16         6     0.0
       114.00           5.9         0.030    Mar 22 15:34:16         6     0.0
       115.00           6.0         0.040    Mar 22 15:34:16         6     0.0
       116.00           6.0         0.040    Mar 22 15:34:17         7     0.0
       117.00           6.1         0.080    Mar 22 15:34:17         7     0.0
       118.00           6.1         0.070    Mar 22 15:34:17         7     0.0
       119.00           6.2         0.050    Mar 22 15:34:17         7     0.0
       120.00           6.3         0.070    Mar 22 15:34:17         7     0.0
       121.00           6.3         0.060    Mar 22 15:34:17         7     0.0
       122.00           6.4         0.080    Mar 22 15:34:17         7     0.0
       123.00           6.5         0.060    Mar 22 15:34:17         7     0.0
       124.00           6.5         0.070    Mar 22 15:34:17         7     0.0
       125.00           6.6         0.070    Mar 22 15:34:17         7     0.0
       126.00           6.7         0.070    Mar 22 15:34:17         7     0.0
       127.00           6.8         0.110    Mar 22 15:34:17         7     0.0
       128.00           6.8         0.060    Mar 22 15:34:18         8     0.0
       129.00           6.9         0.050    Mar 22 15:34:18         8     0.0
       130.00           6.9         0.040    Mar 22 15:34:18         8     0.0
       131.00           7.0         0.040    Mar 22 15:34:18         8     0.0
       132.00           7.0         0.030    Mar 22 15:34:18         8     0.0
       133.00           7.0         0.030    Mar 22 15:34:18         8     0.0
       134.00           7.1         0.030    Mar 22 15:34:18         8     0.0
       135.00           7.1         0.040    Mar 22 15:34:18         8     0.0
       136.00           7.1         0.040    Mar 22 15:34:18         8     0.0
       137.00           7.2         0.060    Mar 22 15:34:18         8     0.0
       138.00           7.3         0.060    Mar 22 15:34:18         8     0.0
       139.00           7.3         0.060    Mar 22 15:34:18         8     0.0
       140.00           7.4         0.070    Mar 22 15:34:18         8     0.0
       141.00           7.5         0.060    Mar 22 15:34:18         8     0.0
       142.00           7.5         0.070    Mar 22 15:34:18         8     0.0
       143.00           7.6         0.070    Mar 22 15:34:18         8     0.0
       144.00           7.7         0.070    Mar 22 15:34:18         8     0.0
       145.00           7.7         0.060    Mar 22 15:34:18         8     0.0
       146.00           7.8         0.100    Mar 22 15:34:19         9     0.0
       147.00           7.9         0.070    Mar 22 15:34:19         9     0.0
       148.00           7.9         0.040    Mar 22 15:34:19         9     0.0
       149.00           8.0         0.040    Mar 22 15:34:19         9     0.0
       150.00           8.0         0.030    Mar 22 15:34:19         9     0.0
       151.00           8.0         0.030    Mar 22 15:34:19         9     0.0
       152.00           8.1         0.040    Mar 22 15:34:19         9     0.0
       153.00           8.1         0.030    Mar 22 15:34:19         9     0.0
       154.00           8.1         0.040    Mar 22 15:34:19         9     0.0
       155.00           8.2         0.040    Mar 22 15:34:19         9     0.0
       156.00           8.3         0.080    Mar 22 15:34:19         9     0.0
       157.00           8.3         0.060    Mar 22 15:34:19         9     0.0
       158.00           8.4         0.080    Mar 22 15:34:19         9     0.0
       159.00           8.5         0.090    Mar 22 15:34:19         9     0.0
       160.00           8.6         0.070    Mar 22 15:34:19         9     0.0
       161.00           8.7         0.090    Mar 22 15:34:19         9     0.0
       162.00           8.7         0.090    Mar 22 15:34:19         9     0.0
       163.00           8.8         0.070    Mar 22 15:34:20        10     0.0
       164.00           8.9         0.080    Mar 22 15:34:20        10     0.0
       165.00           8.9         0.060    Mar 22 15:34:20        10     0.0
       166.00           9.0         0.030    Mar 22 15:34:20        10     0.0
       167.00           9.0         0.050    Mar 22 15:34:20        10     0.0
       168.00           9.1         0.020    Mar 22 15:34:20        10     0.0
       169.00           9.1         0.030    Mar 22 15:34:20        10     0.0
       170.00           9.1         0.030    Mar 22 15:34:20        10     0.0
       171.00           9.2         0.040    Mar 22 15:34:20        10     0.0
       172.00           9.2         0.020    Mar 22 15:34:20        10     0.0
       173.00           9.3         0.100    Mar 22 15:34:28        18     0.0
       174.00           9.3         0.060    Mar 22 15:34:28        18     0.0
       175.00           9.4         0.090    Mar 22 15:34:38        28     0.0
       176.00           9.5         0.090    Mar 22 15:34:38        28     0.0
       177.00           9.6         0.080    Mar 22 15:34:48        38     0.0
       178.00           9.6         0.060    Mar 22 15:34:48        38     0.0
       179.00           9.7         0.090    Mar 22 15:34:56        46     0.0
       180.00           9.8         0.100    Mar 22 15:34:56        46     0.0
       181.00          10.0         0.110    Mar 22 15:35:05        55     0.0
       182.00          10.0         0.090    Mar 22 15:35:05        55     0.0
       183.00          10.1         0.060    Mar 22 15:35:05        55     0.0
       184.00          10.2         0.050    Mar 22 15:35:05        55     0.0
       185.00          10.2         0.060    Mar 22 15:35:05        55     0.0
       186.00          10.2         0.040    Mar 22 15:35:05        55     0.0
       187.00          10.3         0.030    Mar 22 15:35:05        55     0.0
       188.00          10.3         0.030    Mar 22 15:35:05        55     0.0
       189.00          10.3         0.030    Mar 22 15:35:05        55     0.0
       190.00          10.4         0.030    Mar 22 15:35:05        55     0.0
       191.00          10.4         0.040    Mar 22 15:35:05        55     0.0
       192.00          10.5         0.070    Mar 22 15:35:14        64     0.0
       193.00          10.5         0.060    Mar 22 15:35:14        64     0.0
       194.00          10.6         0.080    Mar 22 15:35:22        72     0.0
       195.00          10.7         0.100    Mar 22 15:35:22        72     0.0
       196.00          10.8         0.120    Mar 22 15:35:31        81     0.0
       197.00          10.9         0.090    Mar 22 15:35:32        82     0.0
       198.00          11.0         0.080    Mar 22 15:35:44        94     0.0
       199.00          11.1         0.070    Mar 22 15:35:44        94     0.0
       200.00          11.2         0.120    Mar 22 15:35:52       102     0.0
       201.00          11.3         0.070    Mar 22 15:35:52       102     0.0
       202.00          11.3         0.070    Mar 22 15:36:00       110     0.0
       203.00          11.4         0.050    Mar 22 15:36:00       110     0.0
       204.00          11.5         0.090    Mar 22 15:36:09       119     0.0
       205.00          11.5         0.040    Mar 22 15:36:09       119     0.0
       206.00          11.6         0.040    Mar 22 15:36:09       119     0.0
       207.00          11.6         0.080    Mar 22 15:36:19       129     0.0
       208.00          11.7         0.040    Mar 22 15:36:19       129     0.0
       209.00          11.7         0.040    Mar 22 15:36:19       129     0.0
       210.00          11.8         0.090    Mar 22 15:36:28       138     0.0
       211.00          11.9         0.060    Mar 22 15:36:28       138     0.0
       212.00          11.9         0.060    Mar 22 15:36:28       138     0.0
       213.00          12.0         0.070    Mar 22 15:36:45       155     0.0
       214.00          12.1         0.060    Mar 22 15:36:45       155     0.0
       215.00          12.2         0.100    Mar 22 15:36:53       163     0.0
       216.00          12.2         0.080    Mar 22 15:36:53       163     0.0
       217.00          12.3         0.110    Mar 22 15:37:02       172     0.0
       218.00          12.4         0.080    Mar 22 15:37:02       172     0.0
       219.00          12.5         0.120    Mar 22 15:37:13       183     0.1
       220.00          12.6         0.080    Mar 22 15:37:13       183     0.1
       221.00          12.7         0.100    Mar 22 15:37:22       192     0.1
       222.00          12.8         0.050    Mar 22 15:37:22       192     0.1
       223.00          12.9         0.090    Mar 22 15:37:30       200     0.1
       224.00          12.9         0.040    Mar 22 15:37:30       200     0.1
       225.00          13.0         0.040    Mar 22 15:37:30       200     0.1
       226.00          13.0         0.040    Mar 22 15:37:30       200     0.1
       227.00          13.1         0.070    Mar 22 15:37:42       212     0.1
       228.00          13.1         0.050    Mar 22 15:37:43       213     0.1
       229.00          13.2         0.100    Mar 22 15:37:55       225     0.1
       230.00          13.3         0.070    Mar 22 15:37:55       225     0.1
       231.00          13.4         0.110    Mar 22 15:38:06       236     0.1
       232.00          13.5         0.090    Mar 22 15:38:06       236     0.1
       233.00          13.6         0.110    Mar 22 15:38:15       245     0.1
       234.00          13.7         0.090    Mar 22 15:38:15       245     0.1
       235.00          13.8         0.100    Mar 22 15:38:23       253     0.1
       236.00          13.9         0.070    Mar 22 15:38:23       253     0.1
       237.00          14.0         0.110    Mar 22 15:38:32       262     0.1
       238.00          14.0         0.070    Mar 22 15:38:32       262     0.1
       239.00          14.1         0.100    Mar 22 15:38:42       272     0.1
       240.00          14.2         0.080    Mar 22 15:38:42       272     0.1
       241.00          14.3         0.080    Mar 22 15:38:54       284     0.1
       242.00          14.3         0.060    Mar 22 15:38:54       284     0.1
       243.00          14.4         0.040    Mar 22 15:38:54       284     0.1
       244.00          14.5         0.070    Mar 22 15:39:06       296     0.1
       245.00          14.5         0.040    Mar 22 15:39:06       296     0.1
       246.00          14.5         0.040    Mar 22 15:39:06       296     0.1
       247.00          14.6         0.070    Mar 22 15:39:16       306     0.1
       248.00          14.7         0.080    Mar 22 15:39:16       306     0.1
       249.00          14.8         0.070    Mar 22 15:39:16       306     0.1
       250.00          14.9         0.110    Mar 22 15:39:26       316     0.1
       251.00          14.9         0.080    Mar 22 15:39:27       317     0.1
       252.00          15.1         0.130    Mar 22 15:39:41       331     0.1
       253.00          15.2         0.100    Mar 22 15:39:41       331     0.1
       254.00          15.3         0.120    Mar 22 15:39:49       339     0.1
       255.00          15.4         0.080    Mar 22 15:39:49       339     0.1
       256.00          15.5         0.120    Mar 22 15:39:57       347     0.1
       257.00          15.6         0.090    Mar 22 15:39:57       347     0.1
       258.00          15.7         0.110    Mar 22 15:40:07       357     0.1
       259.00          15.8         0.050    Mar 22 15:40:07       357     0.1
       260.00          15.8         0.050    Mar 22 15:40:07       357     0.1
       261.00          15.9         0.100    Mar 22 15:40:16       366     0.1
       262.00          15.9         0.030    Mar 22 15:40:16       366     0.1
       263.00          16.0         0.050    Mar 22 15:40:16       366     0.1
       264.00          16.0         0.050    Mar 22 15:40:27       377     0.1
       265.00          16.1         0.060    Mar 22 15:40:27       377     0.1
       266.00          16.1         0.060    Mar 22 15:40:27       377     0.1
       267.00          16.2         0.100    Mar 22 15:40:37       387     0.1
       268.00          16.4         0.100    Mar 22 15:40:37       387     0.1
       269.00          16.5         0.140    Mar 22 15:40:46       396     0.1
       270.00          16.6         0.110    Mar 22 15:40:46       396     0.1
       271.00          16.7         0.100    Mar 22 15:40:56       406     0.1
       272.00          16.8         0.100    Mar 22 15:41:06       416     0.1
       273.00          16.9         0.120    Mar 22 15:41:08       418     0.1
       274.00          17.0         0.110    Mar 22 15:41:17       427     0.1
       275.00          17.1         0.100    Mar 22 15:41:17       427     0.1
       276.00          17.2         0.090    Mar 22 15:41:26       436     0.1
       277.00          17.3         0.060    Mar 22 15:41:26       436     0.1
       278.00          17.3         0.060    Mar 22 15:41:26       436     0.1
       279.00          17.4         0.090    Mar 22 15:41:35       445     0.1
       280.00          17.5         0.040    Mar 22 15:41:36       446     0.1
       281.00          17.5         0.030    Mar 22 15:41:36       446     0.1
       282.00          17.6         0.090    Mar 22 15:41:45       455     0.1
       283.00          17.6         0.040    Mar 22 15:41:45       455     0.1
       284.00          17.7         0.050    Mar 22 15:41:45       455     0.1
       285.00          17.7         0.060    Mar 22 15:41:53       463     0.1
       286.00          17.8         0.070    Mar 22 15:41:53       463     0.1
       287.00          17.9         0.090    Mar 22 15:42:01       471     0.1
       288.00          18.0         0.080    Mar 22 15:42:01       471     0.1
       289.00          18.1         0.130    Mar 22 15:42:09       479     0.1
       290.00          18.2         0.090    Mar 22 15:42:09       479     0.1
       291.00          18.3         0.130    Mar 22 15:42:17       487     0.1
       292.00          18.4         0.100    Mar 22 15:42:17       487     0.1
       293.00          18.5         0.080    Mar 22 15:42:27       497     0.1
       294.00          18.6         0.080    Mar 22 15:42:27       497     0.1
       295.00          18.7         0.100    Mar 22 15:42:34       504     0.1
       296.00          18.8         0.060    Mar 22 15:42:34       504     0.1
       297.00          18.8         0.050    Mar 22 15:42:34       504     0.1
       298.00          18.9         0.090    Mar 22 15:42:42       512     0.1
       299.00          18.9         0.050    Mar 22 15:42:42       512     0.1
       300.00          19.0         0.040    Mar 22 15:42:42       512     0.1
