 ------ Host: "tp-linux1" ----------Wed Mar 22 15:34:10 2017
            
 /home/thomas/cf4_xas/example
 ---------------------------------------------------------------------------
  
 Subroutine       Calls N      cpu/N          cpu     %cpu        Clock
 PropWF                 1    18.8760         18.876    99.5        511.922
 RK5                  300     0.0614         18.428    97.1        510.145
 Funkr              29690     0.0006         18.272    96.3        509.828
 Gh_elements        29690     0.0005         14.616    77.0         14.800
 Gh_elems: sum     475040     0.0000          8.628    45.5          8.999
 Gh_elems: LHA      29690     0.0001          4.452    23.5          4.201
 DBread             29690     0.0001          3.860    20.3          3.559
 Gwp_Gdot           29690     0.0001          1.728     9.1          1.608
 subgdot1           29690     0.0001          1.668     8.8          1.531
 Gh_elems: kinet   445350     0.0000          0.588     3.1          0.556
 GWP overlap        29691     0.0000          0.528     2.8          0.439
 Gwp_Ymat           29690     0.0000          0.260     1.4          0.263
 Output               301     0.0007          0.204     1.1          0.155
 Gwp_projector      64172     0.0000          0.136     0.7          0.161
 GWP ODE Test        4791     0.0000          0.064     0.3          0.083
 GenOPER                1     0.0480          0.048     0.3          0.248
 GWP orthonorm      64172     0.0000          0.020     0.1          0.049
 Setgwpdyn1ms        4792     0.0000          0.036     0.2          0.041
 Density            29691     0.0000          0.040     0.2          0.045
 HPhi               29690     0.0000          0.036     0.2          0.029
 Dicht1Phi          29690     0.0000          0.020     0.1          0.031
 Hlochphi           29690     0.0000          0.024     0.1          0.023
 Mfields            29690     0.0000          0.028     0.1          0.024
 PhiHunPhi          29690     0.0000          0.028     0.1          0.022
 PhiHPhi            29690     0.0000          0.012     0.1          0.028
 Project            29690     0.0000          0.020     0.1          0.028
 HunPhi             29690     0.0000          0.028     0.1          0.023
 AddHunPhi          29690     0.0000          0.032     0.2          0.017
 CalcOPs                1     0.0040          0.004     0.0          0.084
 Init_WF                1     0.0120          0.012     0.1          0.024
 GenDVR                 1     0.0040          0.004     0.0          0.024
 GWPlindep1ms        4792    -8.6532     -41465.904 *******          0.000

Total (cpu,wall)       18.980      512.066   (     0h :  8m :  31s)


 ---------------------------------------------------------------------------
 ------ Host: "tp-linux1" ----------Wed Mar 22 15:42:42 2017
            
