#    Start: ------ Host: "tp-linux1" ----------Thu Mar  2 21:09:28 2017

#    Time[fs]   CPU-time[s]     Delta-CPU    Real time        RealT[s]     [h]
#        0.00           0.2                  Mar  2 21:09:28         0     0.0
         1.00          28.4        28.180    Mar  2 21:09:57        29     0.0
         2.00          65.8        37.360    Mar  2 21:10:34        66     0.0
         3.00          80.9        15.160    Mar  2 21:10:49        81     0.0
         4.00          92.1        11.190    Mar  2 21:11:00        92     0.0
         5.00         108.3        16.210    Mar  2 21:11:21       113     0.0
         6.00         129.7        21.360    Mar  2 21:11:47       139     0.0
         7.00         149.4        19.700    Mar  2 21:12:18       170     0.0
         8.00         166.6        17.200    Mar  2 21:12:39       191     0.1
         9.00         193.2        26.600    Mar  2 21:13:16       228     0.1
        10.00         214.0        20.820    Mar  2 21:13:51       263     0.1
        11.00         235.4        21.410    Mar  2 21:14:18       290     0.1
        12.00         256.1        20.630    Mar  2 21:14:47       319     0.1
        13.00         274.4        18.320    Mar  2 21:15:06       338     0.1
        14.00         293.1        18.750    Mar  2 21:15:25       357     0.1
        15.00         319.7        26.610    Mar  2 21:15:56       388     0.1
        16.00         346.8        27.020    Mar  2 21:16:36       428     0.1
        17.00         373.0        26.240    Mar  2 21:17:09       461     0.1
        18.00         397.6        24.580    Mar  2 21:17:54       506     0.1
        19.00         420.0        22.430    Mar  2 21:18:21       533     0.1
        20.00         435.8        15.750    Mar  2 21:18:44       556     0.2
        21.00         451.0        15.230    Mar  2 21:19:06       578     0.2
        22.00         470.1        19.080    Mar  2 21:19:29       601     0.2
        23.00         491.3        21.230    Mar  2 21:21:11       703     0.2
        24.00         514.0        22.700    Mar  2 21:21:47       739     0.2
        25.00         547.2        33.150    Mar  2 21:23:12       824     0.2
        26.00         576.7        29.550    Mar  2 21:24:14       886     0.2
        27.00         613.9        37.240    Mar  2 21:25:26       958     0.3
        28.00         639.4        25.460    Mar  2 21:26:06       998     0.3
        29.00         670.7        31.310    Mar  2 21:28:34      1146     0.3
        30.00         714.1        43.390    Mar  2 21:31:10      1302     0.4
        31.00         786.5        72.420    Mar  2 21:34:44      1516     0.4
        32.00         839.9        53.420    Mar  2 21:38:13      1725     0.5
        33.00         897.8        57.880    Mar  2 21:43:57      2069     0.6
        34.00         939.5        41.650    Mar  2 21:44:39      2111     0.6
        35.00         984.6        45.170    Mar  2 21:59:29      3001     0.8
        36.00        1006.0        21.370    Mar  2 21:59:57      3029     0.8
        37.00        1035.1        29.110    Mar  2 22:00:33      3065     0.9
        38.00        1062.4        27.250    Mar  2 22:01:33      3125     0.9
        39.00        1091.8        29.390    Mar  2 22:02:10      3162     0.9
        40.00        1124.3        32.500    Mar  2 22:02:57      3209     0.9
        41.00        1150.0        25.780    Mar  2 22:04:05      3277     0.9
        42.00        1191.4        41.340    Mar  2 22:08:11      3523     1.0
        43.00        1233.7        42.310    Mar  2 22:10:17      3649     1.0
        44.00        1276.3        42.580    Mar  2 22:13:34      3846     1.1
        45.00        1319.1        42.860    Mar  2 22:17:34      4086     1.1
        46.00        1363.8        44.700    Mar  2 22:27:58      4710     1.3
        47.00        1416.2        52.330    Mar  2 22:36:15      5207     1.4
        48.00        1461.9        45.770    Mar  2 22:38:02      5314     1.5
        49.00        1518.3        56.400    Mar  2 22:42:48      5600     1.6
        50.00        1557.0        38.720    Mar  2 22:45:39      5771     1.6
