Time in fs:      0.00000
Complete equation: Runge-Kutta order 5
   Step        Accepted?    Stepsize [fs]      Error (scaled)       Time [fs]
      1            1        0.117763E-02       0.891710E-07             0.000
      2            1        0.942101E-02       0.150340E-03             0.001
      3            1        0.261961E-01       0.232424E-01             0.011
      4            1        0.314264E-01       0.401404E-01             0.037
      5            0        0.315240E-01       0.146403E+02             0.068
      6            0        0.179780E-01       0.282472E+01             0.068
      7            1        0.135618E-01       0.996922E+00             0.068
      8            1        0.805363E-02       0.809843E-01             0.082
      9            1        0.833324E-02       0.708006E-01             0.090
     10            1        0.797898E-02       0.302612E-01             0.098
     11            1        0.878015E-02       0.160055E-01             0.106
     12            1        0.104068E-01       0.339192E-01             0.115
     13            1        0.141108E-01       0.112830E+00             0.125
     14            1        0.120549E-01       0.319491E-01             0.139
     15            1        0.133908E-01       0.361587E-01             0.152
     16            1        0.138481E-01       0.207875E-01             0.165
     17            1        0.158124E-01       0.184803E-01             0.179
     18            1        0.180166E-01       0.175725E-01             0.195
     19            1        0.206074E-01       0.278787E-01             0.213
     20            1        0.217482E-01       0.337547E-01             0.233
     21            1        0.301759E-01       0.148489E+00             0.255
     22            1        0.327981E-01       0.196532E+00             0.285
     23            1        0.270481E-01       0.624582E-01             0.318
     24            1        0.274111E-01       0.716467E-01             0.345
     25            1        0.259221E-01       0.540853E-01             0.372
     26            1        0.258559E-01       0.754810E-01             0.398
     27            1        0.321286E-01       0.792049E+00             0.424
     28            1        0.271307E-01       0.493983E+00             0.456
     29            1        0.272723E-01       0.498568E+00             0.483
     30            1        0.268596E-01       0.282538E+00             0.511
     31            1        0.291453E-01       0.139175E+00             0.538
     32            1        0.348697E-01       0.176280E+00             0.567
     33            1        0.389564E-01       0.222687E+00             0.602
     34            1        0.316681E-01       0.993138E-01             0.640
     35            1        0.298087E-01       0.129048E+00             0.672
     36            1        0.259836E-01       0.284523E+00             0.702
     37            1        0.200094E-01       0.671662E-01             0.728
     38            1        0.271035E-01       0.386216E+00             0.748
     39            1        0.257390E-01       0.893426E-01             0.775
     40            1        0.336223E-01       0.226647E+00             0.801
     41            1        0.265194E-01       0.885421E-01             0.834
     42            1        0.339629E-01       0.184571E+00             0.861
     43            1        0.369731E-01       0.143396E+00             0.895
     44            1        0.432677E-01       0.227637E+00             0.932
     45            1        0.248435E-01       0.917143E-02             0.975
Time in fs:      1.00000
Complete equation: Runge-Kutta order 5
   Step        Accepted?    Stepsize [fs]      Error (scaled)       Time [fs]
      1            1        0.463379E-01       0.209072E+00             1.000
      2            1        0.526804E-01       0.320016E+00             1.046
      3            1        0.540536E-01       0.253584E+00             1.099
      4            1        0.586912E-01       0.134276E+00             1.153
      5            0        0.527572E-01       0.597476E+01             1.212
      6            1        0.350388E-01       0.785762E+00             1.212
      7            1        0.227391E-01       0.166828E+00             1.247
      8            1        0.206112E-01       0.824533E-01             1.270
      9            1        0.197944E-01       0.809414E-01             1.290
     10            1        0.185398E-01       0.966028E-01             1.310
     11            1        0.168379E-01       0.879481E-01             1.328
     12            1        0.156485E-01       0.946971E-01             1.345
     13            1        0.143077E-01       0.422349E-01             1.361
     14            1        0.150509E-01       0.527089E-01             1.375
     15            1        0.147629E-01       0.578063E-01             1.390
     16            1        0.143819E-01       0.570129E-01             1.405
     17            1        0.140956E-01       0.145433E-01             1.419
     18            1        0.232226E-01       0.147828E+00             1.434
     19            1        0.183174E-01       0.298411E-01             1.457
     20            1        0.208084E-01       0.575623E-01             1.475
     21            1        0.198295E-01       0.562698E-01             1.496
     22            1        0.194748E-01       0.514253E-01             1.516
     23            1        0.194039E-01       0.412108E-01             1.535
     24            1        0.200027E-01       0.341369E-01             1.555
     25            1        0.211030E-01       0.294507E-01             1.575
     26            1        0.226585E-01       0.347875E-01             1.596
     27            1        0.235102E-01       0.539746E-01             1.618
     28            1        0.303867E-01       0.350648E+00             1.642
     29            1        0.218095E-01       0.146082E+00             1.672
     30            1        0.261037E-01       0.354104E+00             1.694
     31            1        0.259524E-01       0.327052E+00             1.720
     32            1        0.270957E-01       0.226637E+00             1.746
     33            1        0.300138E-01       0.174428E+00             1.773
     34            1        0.342532E-01       0.139207E+00             1.803
     35            1        0.401963E-01       0.124780E+00             1.838
     36            1        0.476245E-01       0.166283E+00             1.878
     37            1        0.535026E-01       0.697205E+00             1.925
     38            1        0.211589E-01       0.820469E-02             1.979
Time in fs:      2.00000
Complete equation: Runge-Kutta order 5
   Step        Accepted?    Stepsize [fs]      Error (scaled)       Time [fs]
      1            1        0.476519E-01       0.364051E+00             2.000
      2            1        0.492999E-01       0.258126E+00             2.048
      3            1        0.536443E-01       0.248791E+00             2.097
      4            1        0.579358E-01       0.269609E+00             2.151
      5            1        0.616309E-01       0.269605E+00             2.209
      6            1        0.657728E-01       0.280061E+00             2.270
      7            1        0.697405E-01       0.291055E+00             2.336
      8            1        0.735770E-01       0.351535E+00             2.406
      9            1        0.752885E-01       0.376583E+00             2.479
     10            1        0.767209E-01       0.326131E+00             2.555
     11            1        0.803367E-01       0.286737E+00             2.631
     12            1        0.854909E-01       0.323185E+00             2.712
     13            1        0.886860E-01       0.622561E+00             2.797
     14            1        0.826922E-01       0.281793E+00             2.886
     15            1        0.315316E-01       0.267053E-02             2.968
Time in fs:      3.00000
Complete equation: Runge-Kutta order 5
   Step        Accepted?    Stepsize [fs]      Error (scaled)       Time [fs]
      1            1        0.905704E-01       0.638598E+00             3.000
      2            1        0.851650E-01       0.774837E+00             3.091
      3            1        0.786225E-01       0.203179E+00             3.176
      4            1        0.918371E-01       0.399557E+00             3.254
      5            1        0.906374E-01       0.424954E+00             3.346
      6            1        0.909484E-01       0.413577E+00             3.437
      7            1        0.919087E-01       0.362469E+00             3.528
      8            1        0.948823E-01       0.320039E+00             3.620
      9            1        0.995209E-01       0.295955E+00             3.715
     10            1        0.105258E+00       0.400535E+00             3.814
     11            1        0.806488E-01       0.140370E+00             3.919
Time in fs:      4.00000
Complete equation: Runge-Kutta order 5
   Step        Accepted?    Stepsize [fs]      Error (scaled)       Time [fs]
      1            1        0.105414E+00       0.735512E+00             4.000
      2            1        0.967703E-01       0.614450E+00             4.105
      3            1        0.934557E-01       0.624458E+00             4.202
      4            1        0.893618E-01       0.568125E+00             4.296
      5            1        0.868879E-01       0.535872E+00             4.385
      6            1        0.850040E-01       0.501474E+00             4.472
      7            0        0.839077E-01       0.479354E+01             4.557
      8            0        0.578539E-01       0.123840E+01             4.557
      9            0        0.502099E-01       0.106946E+01             4.557
     10            1        0.446759E-01       0.957820E+00             4.557
     11            1        0.394011E-01       0.945090E-02             4.602
     12            1        0.781936E-01       0.329079E+00             4.641
     13            1        0.705491E-01       0.190568E+00             4.719
     14            1        0.805040E-01       0.375639E+00             4.790
     15            1        0.800850E-01       0.354119E+00             4.870
     16            1        0.496973E-01       0.278153E-01             4.950
Time in fs:      5.00000
Complete equation: Runge-Kutta order 5
   Step        Accepted?    Stepsize [fs]      Error (scaled)       Time [fs]
      1            1        0.826854E-01       0.383123E+00             5.000
      2            1        0.848057E-01       0.405328E+00             5.083
      3            1        0.856394E-01       0.400297E+00             5.167
      4            1        0.868607E-01       0.443359E+00             5.253
      5            1        0.865392E-01       0.412996E+00             5.340
      6            0        0.876223E-01       0.115745E+02             5.427
      7            0        0.520070E-01       0.264502E+01             5.427
      8            0        0.396727E-01       0.206033E+01             5.427
      9            0        0.315765E-01       0.165718E+01             5.427
     10            0        0.260804E-01       0.137662E+01             5.427
     11            0        0.222310E-01       0.117742E+01             5.427
     12            0        0.194600E-01       0.103287E+01             5.427
     13            1        0.174180E-01       0.925805E+00             5.427
     14            1        0.153310E-01       0.572915E-04             5.444
     15            1        0.723764E-01       0.139419E+00             5.459
     16            1        0.629949E-01       0.676586E-01             5.532
     17            1        0.828258E-01       0.284451E+00             5.595
     18            1        0.828781E-01       0.308349E+00             5.677
     19            1        0.866374E-01       0.437767E+00             5.760
     20            1        0.856048E-01       0.479801E+00             5.847
     21            1        0.674034E-01       0.152325E+00             5.933
Time in fs:      6.00000
Complete equation: Runge-Kutta order 5
   Step        Accepted?    Stepsize [fs]      Error (scaled)       Time [fs]
      1            1        0.844520E-01       0.625729E+00             6.000
      2            0        0.796870E-01       0.205466E+01             6.084
      3            1        0.634548E-01       0.700140E+00             6.084
      4            0        0.595499E-01       0.369229E+01             6.148
      5            0        0.429223E-01       0.109085E+01             6.148
      6            1        0.380632E-01       0.962048E+00             6.148
      7            1        0.339948E-01       0.607170E-02             6.186
      8            1        0.727478E-01       0.420648E+00             6.220
      9            1        0.618484E-01       0.185209E+00             6.293
     10            1        0.716185E-01       0.451908E+00             6.355
     11            1        0.689629E-01       0.384386E+00             6.426
     12            1        0.707375E-01       0.465957E+00             6.495
     13            1        0.697692E-01       0.461286E+00             6.566
     14            1        0.694649E-01       0.500376E+00             6.636
     15            1        0.681846E-01       0.520589E+00             6.705
     16            1        0.666955E-01       0.539009E+00             6.773
     17            1        0.649572E-01       0.538435E+00             6.840
     18            1        0.633638E-01       0.525905E+00             6.905
     19            1        0.316848E-01       0.151321E-01             6.968
Time in fs:      7.00000
Complete equation: Runge-Kutta order 5
   Step        Accepted?    Stepsize [fs]      Error (scaled)       Time [fs]
      1            1        0.620547E-01       0.512404E+00             7.000
      2            1        0.605765E-01       0.454095E+00             7.062
      3            1        0.607038E-01       0.450386E+00             7.123
      4            1        0.606227E-01       0.433868E+00             7.183
      5            1        0.609074E-01       0.431448E+00             7.244
      6            1        0.611602E-01       0.430820E+00             7.305
      7            1        0.614156E-01       0.433820E+00             7.366
      8            1        0.615957E-01       0.436550E+00             7.427
      9            1        0.617276E-01       0.438167E+00             7.489
     10            1        0.618364E-01       0.437380E+00             7.551
     11            1        0.619735E-01       0.434722E+00             7.613
     12            1        0.621709E-01       0.431649E+00             7.675
     13            1        0.624289E-01       0.428106E+00             7.737
     14            1        0.627581E-01       0.424254E+00             7.799
     15            1        0.631653E-01       0.420016E+00             7.862
     16            1        0.636606E-01       0.663558E+00             7.925
     17            1        0.112422E-01       0.527750E-04             7.989
Time in fs:      8.00000
Complete equation: Runge-Kutta order 5
   Step        Accepted?    Stepsize [fs]      Error (scaled)       Time [fs]
      1            1        0.593368E-01       0.269398E+00             8.000
      2            0        0.646131E-01       0.384280E+02             8.059
      3            0        0.312732E-01       0.138299E+01             8.059
      4            0        0.266364E-01       0.119178E+01             8.059
      5            0        0.232683E-01       0.104999E+01             8.059
      6            1        0.207685E-01       0.943146E+00             8.059
      7            1        0.179137E-01       0.540465E-03             8.080
      8            1        0.577885E-01       0.216874E+00             8.098
      9            1        0.499159E-01       0.976090E-01             8.156
     10            1        0.627649E-01       0.318815E+00             8.206
     11            0        0.625082E-01       0.432760E+01             8.268
     12            0        0.438548E-01       0.122871E+01             8.268
     13            0        0.381113E-01       0.106627E+01             8.268
     14            1        0.339280E-01       0.948497E+00             8.268
     15            1        0.294338E-01       0.667221E-02             8.302
     16            1        0.619505E-01       0.317398E+00             8.332
     17            1        0.554607E-01       0.188678E+00             8.394
     18            1        0.633023E-01       0.414259E+00             8.449
     19            1        0.619091E-01       0.398676E+00             8.513
     20            1        0.628902E-01       0.466872E+00             8.574
     21            1        0.620992E-01       0.463295E+00             8.637
     22            1        0.617875E-01       0.473703E+00             8.699
     23            1        0.612268E-01       0.468300E+00             8.761
     24            1        0.608437E-01       0.464527E+00             8.822
     25            1        0.605183E-01       0.456771E+00             8.883
     26            1        0.561614E-01       0.302357E+00             8.944
Time in fs:      9.00000
Complete equation: Runge-Kutta order 5
   Step        Accepted?    Stepsize [fs]      Error (scaled)       Time [fs]
      1            1        0.603477E-01       0.441165E+00             9.000
      2            1        0.604286E-01       0.431590E+00             9.060
      3            1        0.607165E-01       0.426040E+00             9.121
      4            1        0.610865E-01       0.421459E+00             9.181
      5            1        0.615400E-01       0.420168E+00             9.243
      6            1        0.620024E-01       0.421551E+00             9.304
      7            1        0.624257E-01       0.425630E+00             9.366
      8            1        0.627573E-01       0.431509E+00             9.429
      9            1        0.629680E-01       0.438701E+00             9.491
     10            1        0.630367E-01       0.446563E+00             9.554
     11            1        0.629568E-01       0.454327E+00             9.617
     12            1        0.627376E-01       0.461607E+00             9.680
     13            0        0.623934E-01       0.183654E+01             9.743
     14            1        0.506408E-01       0.625889E+00             9.743
     15            1        0.478531E-01       0.116652E+00             9.794
     16            1        0.609032E-01       0.446653E+00             9.841
     17            1        0.576851E-01       0.738797E+00             9.902
     18            0        0.399140E-01       0.212005E+02             9.960
     19            1        0.213742E-01       0.798036E+00             9.960
     20            1        0.185399E-01       0.107027E-02             9.981
Time in fs:     10.00000
Complete equation: Runge-Kutta order 5
   Step        Accepted?    Stepsize [fs]      Error (scaled)       Time [fs]
      1            1        0.197483E-01       0.148691E-02            10.000
      2            1        0.520480E-01       0.226051E+00            10.020
      3            1        0.464861E-01       0.128423E+00            10.072
      4            1        0.558810E-01       0.363063E+00            10.118
      5            0        0.550371E-01       0.222336E+02            10.174
      6            1        0.292352E-01       0.433697E+00            10.174
      7            1        0.291223E-01       0.121570E-01            10.203
      8            1        0.536458E-01       0.313648E+00            10.233
      9            1        0.492919E-01       0.203723E+00            10.286
     10            1        0.555059E-01       0.400417E+00            10.335
     11            1        0.547666E-01       0.380420E+00            10.391
     12            1        0.560034E-01       0.438148E+00            10.446
     13            1        0.557946E-01       0.434888E+00            10.502
     14            1        0.559726E-01       0.446433E+00            10.558
     15            1        0.558849E-01       0.444267E+00            10.614
     16            1        0.559020E-01       0.444760E+00            10.669
     17            1        0.558978E-01       0.442337E+00            10.725
     18            1        0.559479E-01       0.440293E+00            10.781
     19            1        0.560300E-01       0.437597E+00            10.837
     20            1        0.561604E-01       0.435016E+00            10.893
     21            1        0.506754E-01       0.241202E+00            10.949
Time in fs:     11.00000
Complete equation: Runge-Kutta order 5
   Step        Accepted?    Stepsize [fs]      Error (scaled)       Time [fs]
      1            1        0.563339E-01       0.422748E+00            11.000
      2            1        0.568197E-01       0.430850E+00            11.056
      3            1        0.570098E-01       0.425606E+00            11.113
      4            1        0.573632E-01       0.426637E+00            11.170
      5            1        0.576669E-01       0.425437E+00            11.228
      6            1        0.580055E-01       0.425933E+00            11.285
      7            1        0.583280E-01       0.426496E+00            11.343
      8            1        0.586419E-01       0.427841E+00            11.402
      9            1        0.589290E-01       0.429527E+00            11.460
     10            1        0.591854E-01       0.431493E+00            11.519
     11            0        0.594061E-01       0.103293E+01            11.578
     12            1        0.531718E-01       0.875890E+00            11.578
     13            1        0.473267E-01       0.129925E+00            11.631
     14            1        0.599404E-01       0.445637E+00            11.679
     15            1        0.570405E-01       0.339434E+00            11.739
     16            1        0.597250E-01       0.428821E+00            11.796
     17            0        0.594487E-01       0.189644E+01            11.855
     18            1        0.479883E-01       0.594736E+00            11.855
     19            1        0.456072E-01       0.101561E+00            11.903
     20            1        0.509169E-01       0.178422E+00            11.949
Time in fs:     12.00000
Complete equation: Runge-Kutta order 5
   Step        Accepted?    Stepsize [fs]      Error (scaled)       Time [fs]
      1            1        0.593069E-01       0.393842E+00            12.000
      2            1        0.605430E-01       0.435610E+00            12.059
      3            1        0.604606E-01       0.429088E+00            12.120
      4            1        0.607780E-01       0.437784E+00            12.180
      5            1        0.608522E-01       0.437076E+00            12.241
      6            1        0.609922E-01       0.438346E+00            12.302
      7            1        0.610985E-01       0.437724E+00            12.363
      8            1        0.612268E-01       0.437372E+00            12.424
      9            1        0.613603E-01       0.436869E+00            12.485
     10            1        0.615041E-01       0.436761E+00            12.547
     11            1        0.616480E-01       0.437053E+00            12.608
     12            1        0.617847E-01       0.437782E+00            12.670
     13            1        0.619057E-01       0.438726E+00            12.732
     14            1        0.620084E-01       0.439482E+00            12.793
     15            1        0.620985E-01       0.439509E+00            12.855
     16            1        0.621923E-01       0.438286E+00            12.918
     17            1        0.202399E-01       0.145907E-02            12.980
Time in fs:     13.00000
Complete equation: Runge-Kutta order 5
   Step        Accepted?    Stepsize [fs]      Error (scaled)       Time [fs]
      1            1        0.623159E-01       0.432444E+00            13.000
      2            1        0.626115E-01       0.430708E+00            13.062
      3            1        0.628815E-01       0.424475E+00            13.125
      4            1        0.632991E-01       0.421687E+00            13.188
      5            1        0.637538E-01       0.422158E+00            13.251
      6            1        0.641826E-01       0.428601E+00            13.315
      7            1        0.644510E-01       0.440526E+00            13.379
      8            1        0.644584E-01       0.455176E+00            13.443
      9            1        0.641786E-01       0.468040E+00            13.508
     10            1        0.636813E-01       0.476070E+00            13.572
     11            1        0.630756E-01       0.478698E+00            13.636
     12            1        0.624598E-01       0.476844E+00            13.699
     13            1        0.619044E-01       0.471987E+00            13.761
     14            1        0.614513E-01       0.464986E+00            13.823
     15            1        0.611316E-01       0.456795E+00            13.885
     16            1        0.541639E-01       0.235072E+00            13.946
Time in fs:     14.00000
Complete equation: Runge-Kutta order 5
   Step        Accepted?    Stepsize [fs]      Error (scaled)       Time [fs]
      1            1        0.609611E-01       0.445022E+00            14.000
      2            0        0.609525E-01       0.338643E+01            14.061
      3            0        0.445839E-01       0.102370E+01            14.061
      4            1        0.399660E-01       0.910764E+00            14.061
      5            1        0.353810E-01       0.231766E-01            14.101
      6            1        0.601631E-01       0.388279E+00            14.136
      7            1        0.547041E-01       0.223101E+00            14.196
      8            1        0.611763E-01       0.394373E+00            14.251
      9            1        0.607381E-01       0.362243E+00            14.312
     10            1        0.625908E-01       0.407017E+00            14.373
     11            1        0.630200E-01       0.401886E+00            14.436
     12            1        0.638863E-01       0.411258E+00            14.499
     13            1        0.644785E-01       0.410062E+00            14.563
     14            1        0.651685E-01       0.411359E+00            14.627
     15            1        0.658229E-01       0.410492E+00            14.692
     16            1        0.665160E-01       0.410028E+00            14.758
     17            1        0.672238E-01       0.409200E+00            14.825
     18            1        0.679593E-01       0.408564E+00            14.892
     19            1        0.402440E-01       0.239599E-01            14.960
Time in fs:     15.00000
Complete equation: Runge-Kutta order 5
   Step        Accepted?    Stepsize [fs]      Error (scaled)       Time [fs]
      1            0        0.687155E-01       0.161577E+01            15.000
      2            1        0.569997E-01       0.630751E+00            15.000
      3            1        0.537106E-01       0.101360E+00            15.057
      4            1        0.700324E-01       0.399795E+00            15.111
      5            0        0.672147E-01       0.170613E+01            15.181
      6            1        0.552414E-01       0.604218E+00            15.181
      7            1        0.522129E-01       0.774899E-01            15.236
      8            1        0.711371E-01       0.385932E+00            15.288
      9            1        0.679519E-01       0.287727E+00            15.359
     10            1        0.727575E-01       0.396950E+00            15.427
     11            1        0.728945E-01       0.383611E+00            15.500
     12            1        0.744089E-01       0.410176E+00            15.573
     13            1        0.749926E-01       0.410253E+00            15.647
     14            1        0.757811E-01       0.416644E+00            15.722
     15            1        0.763775E-01       0.417520E+00            15.798
     16            0        0.769987E-01       0.738219E+02            15.874
     17            0        0.333530E-01       0.113088E+01            15.874
     18            1        0.293965E-01       0.996495E+00            15.874
     19            1        0.255637E-01       0.142494E-02            15.904
     20            1        0.705417E-01       0.254604E+00            15.929
Time in fs:     16.00000
Complete equation: Runge-Kutta order 5
   Step        Accepted?    Stepsize [fs]      Error (scaled)       Time [fs]
      1            0        0.700907E-01       0.194322E+01            16.000
      2            1        0.563449E-01       0.705986E+00            16.000
      3            1        0.520861E-01       0.468055E-01            16.056
      4            1        0.777976E-01       0.416385E+00            16.108
      5            1        0.718963E-01       0.406184E+00            16.186
      6            0        0.728192E-01       0.195353E+01            16.258
      7            1        0.584856E-01       0.561157E+00            16.258
      8            0        0.560139E-01       0.166625E+01            16.317
      9            1        0.462213E-01       0.667005E+00            16.317
     10            1        0.435458E-01       0.709456E+00            16.363
     11            1        0.408787E-01       0.393224E+00            16.406
     12            1        0.425292E-01       0.126894E+00            16.447
     13            1        0.523758E-01       0.908140E-01            16.490
     14            1        0.652567E-01       0.171600E+00            16.542
     15            1        0.719989E-01       0.254026E+00            16.607
     16            1        0.762289E-01       0.321247E+00            16.679
     17            1        0.787761E-01       0.363732E+00            16.756
     18            1        0.804596E-01       0.388126E+00            16.834
     19            1        0.816820E-01       0.401910E+00            16.915
     20            1        0.343665E-02       0.295944E-07            16.997
Time in fs:     17.00000
Complete equation: Runge-Kutta order 5
   Step        Accepted?    Stepsize [fs]      Error (scaled)       Time [fs]
      1            0        0.826467E-01       0.113427E+01            17.000
      2            1        0.728058E-01       0.943898E+00            17.000
      3            1        0.640608E-01       0.921027E-01            17.073
      4            1        0.862790E-01       0.503801E+00            17.137
      5            0        0.793112E-01       0.152210E+01            17.223
      6            0        0.664602E-01       0.123814E+01            17.223
      7            0        0.576811E-01       0.106154E+01            17.223
      8            1        0.513886E-01       0.938919E+00            17.223
      9            1        0.454834E-01       0.122872E-01            17.275
     10            1        0.862569E-01       0.460001E+00            17.320
     11            1        0.742926E-01       0.182815E+00            17.406
     12            1        0.865279E-01       0.427021E+00            17.481
     13            0        0.840820E-01       0.246104E+01            17.567
     14            1        0.649315E-01       0.826477E+00            17.567
     15            1        0.583427E-01       0.369656E-01            17.632
     16            1        0.912835E-01       0.450501E+00            17.690
     17            1        0.824553E-01       0.226971E+00            17.782
     18            1        0.924898E-01       0.408901E+00            17.864
     19            1        0.434022E-01       0.578544E-02            17.957
Time in fs:     18.00000
Complete equation: Runge-Kutta order 5
   Step        Accepted?    Stepsize [fs]      Error (scaled)       Time [fs]
      1            0        0.913272E-01       0.245030E+01            18.000
      2            0        0.705790E-01       0.186588E+01            18.000
      3            0        0.571305E-01       0.150910E+01            18.000
      4            0        0.479433E-01       0.126641E+01            18.000
      5            0        0.414508E-01       0.109505E+01            18.000
      6            1        0.367343E-01       0.970588E+00            18.000
      7            1        0.321691E-01       0.115998E-02            18.037
      8            1        0.912444E-01       0.323490E+00            18.069
      9            1        0.759190E-01       0.109124E+00            18.160
     10            1        0.951790E-01       0.367474E+00            18.236
     11            1        0.929420E-01       0.303412E+00            18.331
     12            1        0.984278E-01       0.394144E+00            18.424
     13            1        0.989419E-01       0.385482E+00            18.523
     14            1        0.100885E+00       0.417765E+00            18.622
     15            1        0.101380E+00       0.396220E+00            18.722
     16            1        0.103130E+00       0.402403E+00            18.824
     17            1        0.730475E-01       0.604811E-01            18.927
Time in fs:     19.00000
Complete equation: Runge-Kutta order 5
   Step        Accepted?    Stepsize [fs]      Error (scaled)       Time [fs]
      1            1        0.104412E+00       0.380760E+00            19.000
      2            1        0.107202E+00       0.410886E+00            19.104
      3            0        0.107979E+00       0.201440E+01            19.212
      4            0        0.862734E-01       0.120232E+01            19.212
      5            1        0.752516E-01       0.895064E+00            19.212
      6            1        0.666027E-01       0.346474E-01            19.287
      7            1        0.105698E+00       0.370591E+00            19.353
      8            1        0.984424E-01       0.245329E+00            19.459
      9            1        0.108124E+00       0.388593E+00            19.558
     10            1        0.108029E+00       0.379767E+00            19.666
     11            1        0.110369E+00       0.421948E+00            19.774
     12            1        0.110656E+00       0.430724E+00            19.884
     13            1        0.521346E-02       0.956173E-07            19.995
Time in fs:     20.00000
Complete equation: Runge-Kutta order 5
   Step        Accepted?    Stepsize [fs]      Error (scaled)       Time [fs]
      1            1        0.111023E+00       0.447181E+00            20.000
      2            0        0.110916E+00       0.135908E+01            20.111
      3            0        0.947514E-01       0.110866E+01            20.111
      4            1        0.837940E-01       0.968389E+00            20.111
      5            1        0.734254E-01       0.580291E-01            20.195
      6            1        0.107081E+00       0.403220E+00            20.268
      7            1        0.100359E+00       0.304660E+00            20.375
      8            1        0.106604E+00       0.435041E+00            20.476
      9            1        0.105394E+00       0.428025E+00            20.582
     10            1        0.105987E+00       0.460792E+00            20.688
     11            1        0.105186E+00       0.465720E+00            20.794
     12            1        0.101147E+00       0.401421E+00            20.899
Time in fs:     21.00000
Complete equation: Runge-Kutta order 5
   Step        Accepted?    Stepsize [fs]      Error (scaled)       Time [fs]
      1            1        0.104510E+00       0.498805E+00            21.000
      2            1        0.102488E+00       0.475242E+00            21.105
      3            1        0.101802E+00       0.483618E+00            21.207
      4            1        0.100626E+00       0.481208E+00            21.309
      5            1        0.996179E-01       0.484340E+00            21.409
      6            1        0.984912E-01       0.486640E+00            21.509
      7            1        0.973241E-01       0.490212E+00            21.608
      8            0        0.960697E-01       0.145149E+01            21.705
      9            0        0.811560E-01       0.117415E+01            21.705
     10            0        0.710739E-01       0.102334E+01            21.705
     11            1        0.637160E-01       0.919519E+00            21.705
     12            1        0.565329E-01       0.348808E-01            21.769
     13            1        0.897112E-01       0.383938E+00            21.825
     14            1        0.830746E-01       0.279148E+00            21.915
     15            1        0.210545E-02       0.293765E-08            21.998
Time in fs:     22.00000
Complete equation: Runge-Kutta order 5
   Step        Accepted?    Stepsize [fs]      Error (scaled)       Time [fs]
      1            1        0.893901E-01       0.438273E+00            22.000
      2            1        0.896099E-01       0.480666E+00            22.089
      3            0        0.883802E-01       0.298029E+01            22.179
      4            1        0.660653E-01       0.890947E+00            22.179
      5            0        0.588864E-01       0.132090E+02            22.245
      6            1        0.341751E-01       0.284439E+00            22.245
      7            1        0.379112E-01       0.700733E-02            22.279
      8            1        0.754095E-01       0.243274E+00            22.317
      9            1        0.707709E-01       0.188171E+00            22.393
     10            1        0.799589E-01       0.377910E+00            22.463
     11            1        0.794210E-01       0.394316E+00            22.543
     12            1        0.805341E-01       0.458345E+00            22.623
     13            1        0.797358E-01       0.471877E+00            22.703
     14            1        0.790301E-01       0.488738E+00            22.783
     15            1        0.779553E-01       0.493859E+00            22.862
     16            1        0.600328E-01       0.138499E+00            22.940
Time in fs:     23.00000
Complete equation: Runge-Kutta order 5
   Step        Accepted?    Stepsize [fs]      Error (scaled)       Time [fs]
      1            1        0.768668E-01       0.530736E+00            23.000
      2            1        0.745886E-01       0.492032E+00            23.077
      3            1        0.738365E-01       0.504805E+00            23.151
      4            0        0.725542E-01       0.117233E+02            23.225
      5            1        0.429701E-01       0.728418E+00            23.225
      6            1        0.397127E-01       0.230879E-01            23.268
      7            1        0.669718E-01       0.354650E+00            23.308
      8            1        0.618307E-01       0.250970E+00            23.375
      9            1        0.675309E-01       0.422308E+00            23.437
     10            1        0.665845E-01       0.419613E+00            23.504
     11            1        0.671052E-01       0.466057E+00            23.571
     12            1        0.664168E-01       0.470432E+00            23.638
     13            1        0.659073E-01       0.480065E+00            23.704
     14            1        0.652011E-01       0.480812E+00            23.770
     15            1        0.645378E-01       0.481473E+00            23.836
     16            1        0.638702E-01       0.480197E+00            23.900
     17            1        0.360689E-01       0.264892E-01            23.964
Time in fs:     24.00000
Complete equation: Runge-Kutta order 5
   Step        Accepted?    Stepsize [fs]      Error (scaled)       Time [fs]
      1            1        0.632415E-01       0.490452E+00            24.000
      2            1        0.621963E-01       0.468534E+00            24.063
      3            1        0.618877E-01       0.474071E+00            24.125
      4            1        0.613456E-01       0.468768E+00            24.187
      5            1        0.609532E-01       0.467740E+00            24.249
      6            1        0.605587E-01       0.465027E+00            24.310
      7            0        0.602210E-01       0.667525E+01            24.370
      8            0        0.392492E-01       0.177289E+01            24.370
      9            0        0.320478E-01       0.146217E+01            24.370
     10            0        0.270390E-01       0.124270E+01            24.370
     11            0        0.234526E-01       0.108363E+01            24.370
     12            1        0.208211E-01       0.965856E+00            24.370
     13            1        0.182814E-01       0.106723E-02            24.391
     14            1        0.525831E-01       0.232957E+00            24.409
     15            1        0.461086E-01       0.120563E+00            24.462
     16            1        0.560931E-01       0.335827E+00            24.508
     17            1        0.558419E-01       0.333234E+00            24.564
     18            1        0.579936E-01       0.410946E+00            24.620
     19            1        0.581018E-01       0.420455E+00            24.678
     20            1        0.584724E-01       0.439963E+00            24.736
     21            1        0.584469E-01       0.444255E+00            24.794
     22            1        0.584310E-01       0.448876E+00            24.853
     23            1        0.583350E-01       0.450339E+00            24.911
     24            1        0.303071E-01       0.158640E-01            24.970
Time in fs:     25.00000
Complete equation: Runge-Kutta order 5
   Step        Accepted?    Stepsize [fs]      Error (scaled)       Time [fs]
      1            1        0.582311E-01       0.454202E+00            25.000
      2            1        0.580211E-01       0.451268E+00            25.058
      3            1        0.579248E-01       0.962903E+00            25.116
      4            0        0.508248E-01       0.443901E+01            25.174
      5            0        0.355042E-01       0.127997E+01            25.174
      6            0        0.306406E-01       0.110671E+01            25.174
      7            1        0.271053E-01       0.980569E+00            25.174
      8            1        0.244393E-01       0.560854E-02            25.201
      9            1        0.530502E-01       0.296215E+00            25.226
     10            1        0.477210E-01       0.173612E+00            25.279
     11            1        0.550919E-01       0.369254E+00            25.326
     12            1        0.547606E-01       0.362506E+00            25.382
     13            1        0.562756E-01       0.423662E+00            25.436
     14            1        0.562784E-01       0.430481E+00            25.493
     15            1        0.564798E-01       0.446229E+00            25.549
     16            1        0.563727E-01       0.449958E+00            25.605
     17            1        0.562671E-01       0.453677E+00            25.662
     18            1        0.561019E-01       0.453410E+00            25.718
     19            1        0.559611E-01       0.452895E+00            25.774
     20            1        0.558301E-01       0.451546E+00            25.830
     21            1        0.557252E-01       0.450127E+00            25.886
     22            1        0.556436E-01       0.448607E+00            25.942
     23            1        0.271887E-02       0.104069E-06            25.997
Time in fs:     26.00000
Complete equation: Runge-Kutta order 5
   Step        Accepted?    Stepsize [fs]      Error (scaled)       Time [fs]
      1            1        0.555871E-01       0.447154E+00            26.000
      2            1        0.555341E-01       0.445038E+00            26.056
      3            1        0.555383E-01       0.444654E+00            26.111
      4            1        0.555402E-01       0.443661E+00            26.167
      5            1        0.555613E-01       0.571551E+00            26.222
      6            1        0.532350E-01       0.353550E+00            26.278
      7            1        0.559095E-01       0.453828E+00            26.331
      8            1        0.552070E-01       0.423382E+00            26.387
      9            1        0.557145E-01       0.442016E+00            26.442
     10            0        0.556616E-01       0.319665E+01            26.498
     11            0        0.411149E-01       0.248145E+01            26.498
     12            0        0.317061E-01       0.193515E+01            26.498
     13            0        0.255061E-01       0.156831E+01            26.498
     14            0        0.212648E-01       0.131406E+01            26.498
     15            0        0.182701E-01       0.113293E+01            26.498
     16            0        0.160979E-01       0.100072E+01            26.498
     17            1        0.144863E-01       0.902196E+00            26.498
     18            1        0.128415E-01       0.259448E-03            26.512
     19            1        0.468471E-01       0.180473E+00            26.525
     20            1        0.405412E-01       0.861008E-01            26.572
     21            1        0.516945E-01       0.297420E+00            26.613
     22            1        0.518339E-01       0.300715E+00            26.664
     23            1        0.545136E-01       0.388240E+00            26.716
     24            1        0.549195E-01       0.817216E+00            26.771
     25            1        0.492534E-01       0.231587E+00            26.826
     26            0        0.563859E-01       0.675146E+01            26.875
     27            1        0.366788E-01       0.185305E+00            26.875
     28            1        0.414673E-01       0.952292E-01            26.911
     29            1        0.470958E-01       0.181572E+00            26.953
Time in fs:     27.00000
Complete equation: Runge-Kutta order 5
   Step        Accepted?    Stepsize [fs]      Error (scaled)       Time [fs]
      1            1        0.520323E-01       0.301356E+00            27.000
      2            1        0.555895E-01       0.422042E+00            27.052
      3            1        0.552189E-01       0.408133E+00            27.108
      4            1        0.559124E-01       0.435831E+00            27.163
      5            1        0.559112E-01       0.508686E+00            27.219
      6            1        0.546031E-01       0.388135E+00            27.275
      7            1        0.561812E-01       0.451938E+00            27.329
      8            1        0.557224E-01       0.437262E+00            27.385
      9            1        0.559177E-01       0.449929E+00            27.441
     10            1        0.557682E-01       0.449452E+00            27.497
     11            1        0.556928E-01       0.452796E+00            27.553
     12            1        0.555450E-01       0.453814E+00            27.609
     13            1        0.553930E-01       0.455171E+00            27.664
     14            1        0.552182E-01       0.455848E+00            27.719
     15            1        0.550367E-01       0.456506E+00            27.775
     16            1        0.548456E-01       0.456992E+00            27.830
     17            1        0.546485E-01       0.457294E+00            27.885
     18            1        0.544482E-01       0.806077E+00            27.939
     19            1        0.631508E-02       0.898766E-05            27.994
Time in fs:     28.00000
Complete equation: Runge-Kutta order 5
   Step        Accepted?    Stepsize [fs]      Error (scaled)       Time [fs]
      1            1        0.492663E-01       0.277879E+00            28.000
      2            1        0.533652E-01       0.972743E+00            28.049
      3            1        0.458453E-01       0.200929E+00            28.103
      4            1        0.541427E-01       0.485905E+00            28.148
      5            1        0.516643E-01       0.392662E+00            28.203
      6            1        0.529556E-01       0.461066E+00            28.254
      7            1        0.523691E-01       0.894304E+00            28.307
      8            1        0.465710E-01       0.528164E+00            28.360
      9            1        0.465101E-01       0.259201E+00            28.406
     10            1        0.513313E-01       0.450854E+00            28.453
     11            1        0.501169E-01       0.413217E+00            28.504
     12            1        0.507736E-01       0.460353E+00            28.554
     13            1        0.503271E-01       0.638271E+00            28.605
     14            1        0.473933E-01       0.342244E+00            28.655
     15            1        0.502716E-01       0.485139E+00            28.703
     16            1        0.490164E-01       0.437694E+00            28.753
     17            1        0.493196E-01       0.465950E+00            28.802
     18            1        0.488980E-01       0.456749E+00            28.851
     19            1        0.487665E-01       0.460587E+00            28.900
     20            1        0.485276E-01       0.457353E+00            28.949
     21            1        0.256861E-02       0.142604E-06            28.997
Time in fs:     29.00000
Complete equation: Runge-Kutta order 5
   Step        Accepted?    Stepsize [fs]      Error (scaled)       Time [fs]
      1            0        0.483638E-01       0.237694E+02            29.000
      2            1        0.254004E-01       0.487624E+00            29.000
      3            1        0.250051E-01       0.139101E-01            29.025
      4            1        0.452302E-01       0.322291E+00            29.050
      5            1        0.415913E-01       0.206903E+00            29.096
      6            1        0.467621E-01       0.392845E+00            29.137
      7            1        0.463180E-01       0.375263E+00            29.184
      8            1        0.474378E-01       0.429131E+00            29.230
      9            1        0.474024E-01       0.428437E+00            29.278
     10            1        0.476349E-01       0.440385E+00            29.325
     11            1        0.476422E-01       0.440508E+00            29.373
     12            1        0.476997E-01       0.442611E+00            29.420
     13            1        0.477191E-01       0.442300E+00            29.468
     14            1        0.477533E-01       0.442279E+00            29.516
     15            1        0.477866E-01       0.441778E+00            29.564
     16            1        0.478291E-01       0.441299E+00            29.611
     17            1        0.478782E-01       0.440667E+00            29.659
     18            1        0.479371E-01       0.440062E+00            29.707
     19            1        0.480044E-01       0.439398E+00            29.755
     20            0        0.480815E-01       0.228137E+01            29.803
     21            1        0.376121E-01       0.188619E+00            29.803
     22            1        0.434945E-01       0.737911E+00            29.841
     23            1        0.385603E-01       0.133843E+00            29.884
     24            0        0.482593E-01       0.127653E+02            29.923
     25            1        0.281708E-01       0.263684E+00            29.923
     26            1        0.293441E-01       0.317827E-01            29.951
     27            0        0.197864E-01       0.426158E+01            29.980
     28            1        0.139182E-01       0.211530E+00            29.980
     29            1        0.586822E-02       0.912367E-05            29.994
Time in fs:     30.00000
Complete equation: Runge-Kutta order 5
   Step        Accepted?    Stepsize [fs]      Error (scaled)       Time [fs]
      1            1        0.142102E-01       0.779646E-03            30.000
      2            1        0.417965E-01       0.196517E+00            30.014
      3            1        0.372546E-01       0.106624E+00            30.056
      4            1        0.459646E-01       0.315527E+00            30.093
      5            1        0.460197E-01       0.312557E+00            30.139
      6            1        0.481959E-01       0.391410E+00            30.185
      7            1        0.485626E-01       0.399890E+00            30.233
      8            1        0.491949E-01       0.419839E+00            30.282
      9            0        0.494671E-01       0.593834E+02            30.331
     10            0        0.222349E-01       0.189798E+01            30.331
     11            0        0.179460E-01       0.153423E+01            30.331
     12            0        0.150179E-01       0.128528E+01            30.331
     13            0        0.129516E-01       0.110930E+01            30.331
     14            1        0.114527E-01       0.981473E+00            30.331
     15            1        0.998742E-02       0.123004E-03            30.343
     16            1        0.415035E-01       0.167929E+00            30.353
     17            0        0.352901E-01       0.104772E+01            30.394
     18            1        0.315104E-01       0.391093E+00            30.394
     19            1        0.309751E-01       0.366039E-01            30.426
     20            1        0.471137E-01       0.311265E+00            30.457
     21            1        0.453001E-01       0.250101E+00            30.504
     22            1        0.492478E-01       0.378771E+00            30.549
     23            1        0.494572E-01       0.380729E+00            30.598
     24            1        0.504548E-01       0.415115E+00            30.648
     25            1        0.507319E-01       0.420030E+00            30.698
     26            1        0.510850E-01       0.920833E+00            30.749
     27            1        0.450356E-01       0.221484E+00            30.800
     28            1        0.521984E-01       0.465736E+00            30.845
     29            1        0.503651E-01       0.381954E+00            30.897
     30            1        0.517793E-01       0.433918E+00            30.948
     31            1        0.602994E-03       0.231329E-09            30.999
Time in fs:     31.00000
Complete equation: Runge-Kutta order 5
   Step        Accepted?    Stepsize [fs]      Error (scaled)       Time [fs]
      1            1        0.516797E-01       0.422941E+00            31.000
      2            1        0.521214E-01       0.435307E+00            31.052
      3            1        0.522052E-01       0.432401E+00            31.104
      4            1        0.524092E-01       0.434532E+00            31.156
      5            0        0.525560E-01       0.738463E+01            31.208
      6            1        0.336704E-01       0.184944E+00            31.208
      7            1        0.390495E-01       0.972219E-01            31.242
      8            1        0.488224E-01       0.298440E+00            31.281
      9            1        0.491639E-01       0.305893E+00            31.330
     10            1        0.515628E-01       0.385734E+00            31.379
     11            1        0.520395E-01       0.400819E+00            31.431
     12            1        0.526654E-01       0.423111E+00            31.483
     13            1        0.528919E-01       0.430199E+00            31.535
     14            1        0.530843E-01       0.436067E+00            31.588
     15            1        0.531901E-01       0.437962E+00            31.641
     16            1        0.532858E-01       0.438676E+00            31.695
     17            1        0.533761E-01       0.438283E+00            31.748
     18            1        0.534782E-01       0.437534E+00            31.801
     19            1        0.535942E-01       0.436610E+00            31.855
     20            1        0.537260E-01       0.435684E+00            31.908
     21            0        0.379839E-01       0.242215E+02            31.962
     22            1        0.198851E-01       0.620489E+00            31.962
     23            1        0.180988E-01       0.184101E-02            31.982
Time in fs:     32.00000
Complete equation: Runge-Kutta order 5
   Step        Accepted?    Stepsize [fs]      Error (scaled)       Time [fs]
      1            1        0.187747E-01       0.219561E-02            32.000
      2            0        0.463096E-01       0.114923E+01            32.019
      3            1        0.407047E-01       0.498592E+00            32.019
      4            0        0.322799E-01       0.689638E+01            32.059
      5            1        0.209223E-01       0.323763E+00            32.059
      6            1        0.221832E-01       0.490344E-02            32.080
      7            1        0.471292E-01       0.211987E+00            32.103
      8            1        0.446354E-01       0.328527E+00            32.150
      9            1        0.456202E-01       0.177004E+00            32.194
     10            1        0.527115E-01       0.362757E+00            32.240
     11            1        0.525936E-01       0.356069E+00            32.293
     12            1        0.541750E-01       0.413215E+00            32.345
     13            1        0.543692E-01       0.422670E+00            32.399
     14            1        0.546792E-01       0.439544E+00            32.454
     15            1        0.546757E-01       0.445669E+00            32.508
     16            1        0.546292E-01       0.451159E+00            32.563
     17            1        0.544994E-01       0.453453E+00            32.618
     18            1        0.543497E-01       0.454559E+00            32.672
     19            1        0.541889E-01       0.815219E+00            32.727
     20            0        0.489260E-01       0.542869E+01            32.781
     21            1        0.330282E-01       0.276629E+00            32.781
     22            1        0.366822E-01       0.601475E-01            32.814
     23            1        0.505716E-01       0.322527E+00            32.851
     24            1        0.493017E-01       0.283281E+00            32.901
     25            1        0.495751E-01       0.292471E+00            32.950
Time in fs:     33.00000
Complete equation: Runge-Kutta order 5
   Step        Accepted?    Stepsize [fs]      Error (scaled)       Time [fs]
      1            1        0.525497E-01       0.398727E+00            33.000
      2            1        0.535326E-01       0.438592E+00            33.053
      3            1        0.534242E-01       0.429867E+00            33.106
      4            1        0.537027E-01       0.435634E+00            33.160
      5            1        0.538172E-01       0.431697E+00            33.213
      6            1        0.540441E-01       0.429908E+00            33.267
      7            1        0.542905E-01       0.426229E+00            33.321
      8            1        0.546087E-01       0.422875E+00            33.375
      9            1        0.549838E-01       0.419435E+00            33.430
     10            1        0.554207E-01       0.416446E+00            33.485
     11            1        0.559109E-01       0.413921E+00            33.540
     12            1        0.564476E-01       0.411992E+00            33.596
     13            1        0.570208E-01       0.410630E+00            33.653
     14            1        0.576215E-01       0.409755E+00            33.710
     15            1        0.582420E-01       0.409233E+00            33.767
     16            1        0.588769E-01       0.408947E+00            33.826
     17            1        0.595227E-01       0.408657E+00            33.884
     18            1        0.559835E-01       0.281451E+00            33.944
Time in fs:     34.00000
Complete equation: Runge-Kutta order 5
   Step        Accepted?    Stepsize [fs]      Error (scaled)       Time [fs]
      1            0        0.601812E-01       0.939926E+01            34.000
      2            1        0.370064E-01       0.208506E+00            34.000
      3            1        0.420911E-01       0.601774E-01            34.037
      4            1        0.573712E-01       0.283193E+00            34.079
      5            1        0.571820E-01       0.264667E+00            34.136
      6            1        0.613376E-01       0.362077E+00            34.194
      7            1        0.622130E-01       0.364265E+00            34.255
      8            1        0.638314E-01       0.375198E+00            34.317
      9            0        0.651793E-01       0.310393E+01            34.381
     10            0        0.483868E-01       0.491920E+01            34.381
     11            0        0.332160E-01       0.156227E+01            34.381
     12            0        0.277110E-01       0.130897E+01            34.381
     13            0        0.238241E-01       0.112875E+01            34.381
     14            1        0.210047E-01       0.997332E+00            34.381
     15            1        0.181856E-01       0.573352E-03            34.402
     16            1        0.582092E-01       0.196259E+00            34.420
     17            1        0.512613E-01       0.421640E+00            34.478
     18            1        0.500617E-01       0.783656E-01            34.530
     19            1        0.671034E-01       0.325343E+00            34.580
     20            1        0.660167E-01       0.278009E+00            34.647
     21            1        0.706155E-01       0.366575E+00            34.713
     22            1        0.716139E-01       0.368853E+00            34.783
     23            1        0.733569E-01       0.391621E+00            34.855
     24            1        0.715385E-01       0.323929E+00            34.928
Time in fs:     35.00000
Complete equation: Runge-Kutta order 5
   Step        Accepted?    Stepsize [fs]      Error (scaled)       Time [fs]
      1            1        0.743996E-01       0.372532E+00            35.000
      2            1        0.766719E-01       0.407106E+00            35.074
      3            1        0.772813E-01       0.396878E+00            35.151
      4            1        0.785116E-01       0.601142E+00            35.228
      5            1        0.742500E-01       0.283070E+00            35.307
      6            1        0.811477E-01       0.417455E+00            35.381
      7            1        0.805547E-01       0.375159E+00            35.462
      8            1        0.827067E-01       0.400748E+00            35.543
      9            1        0.836111E-01       0.394821E+00            35.626
     10            1        0.849637E-01       0.399364E+00            35.709
     11            1        0.861190E-01       0.398677E+00            35.794
     12            1        0.873556E-01       0.399511E+00            35.880
     13            1        0.324271E-01       0.257880E-02            35.968
Time in fs:     36.00000
Complete equation: Runge-Kutta order 5
   Step        Accepted?    Stepsize [fs]      Error (scaled)       Time [fs]
      1            1        0.885724E-01       0.389308E+00            36.000
      2            1        0.905965E-01       0.407163E+00            36.089
      3            1        0.914756E-01       0.398554E+00            36.179
      4            1        0.928658E-01       0.401203E+00            36.271
      5            0        0.940905E-01       0.440818E+02            36.364
      6            0        0.444902E-01       0.155300E+01            36.364
      7            0        0.371542E-01       0.131747E+01            36.364
      8            0        0.319076E-01       0.114425E+01            36.364
      9            0        0.280665E-01       0.101485E+01            36.364
     10            1        0.251966E-01       0.916718E+00            36.364
     11            1        0.221891E-01       0.286797E-03            36.389
     12            1        0.796313E-01       0.166962E+00            36.411
     13            1        0.701107E-01       0.833671E-01            36.491
     14            1        0.896112E-01       0.271877E+00            36.561
     15            1        0.911174E-01       0.278031E+00            36.650
     16            1        0.967660E-01       0.353957E+00            36.741
     17            1        0.987205E-01       0.367993E+00            36.838
     18            1        0.631469E-01       0.373484E-01            36.937
Time in fs:     37.00000
Complete equation: Runge-Kutta order 5
   Step        Accepted?    Stepsize [fs]      Error (scaled)       Time [fs]
      1            1        0.101022E+00       0.957374E+00            37.000
      2            1        0.886737E-01       0.186099E+00            37.101
      3            0        0.106029E+00       0.216820E+01            37.190
      4            1        0.836623E-01       0.718262E+00            37.190
      5            0        0.744721E-01       0.145786E+01            37.273
      6            1        0.628644E-01       0.516415E+00            37.273
      7            1        0.624725E-01       0.292542E-01            37.336
      8            1        0.998157E-01       0.297504E+00            37.399
      9            1        0.958507E-01       0.235666E+00            37.499
     10            1        0.105072E+00       0.364795E+00            37.594
     11            1        0.105943E+00       0.372806E+00            37.699
     12            1        0.108304E+00       0.410935E+00            37.805
     13            0        0.863195E-01       0.608294E+02            37.914
     14            1        0.386413E-01       0.976278E+00            37.914
     15            1        0.336991E-01       0.119414E-02            37.952
     16            1        0.139791E-01       0.147131E-04            37.986
Time in fs:     38.00000
Complete equation: Runge-Kutta order 5
   Step        Accepted?    Stepsize [fs]      Error (scaled)       Time [fs]
      1            1        0.951359E-01       0.214471E+00            38.000
      2            1        0.107690E+00       0.401285E+00            38.095
      3            1        0.106435E+00       0.378457E+00            38.203
      4            1        0.108944E+00       0.423750E+00            38.309
      5            1        0.109133E+00       0.427144E+00            38.418
      6            1        0.109670E+00       0.439666E+00            38.527
      7            1        0.109704E+00       0.444299E+00            38.637
      8            0        0.109669E+00       0.353544E+01            38.747
      9            0        0.796327E-01       0.255821E+01            38.747
     10            0        0.610920E-01       0.196578E+01            38.747
     11            0        0.490147E-01       0.157888E+01            38.747
     12            0        0.408178E-01       0.131567E+01            38.747
     13            0        0.350620E-01       0.113057E+01            38.747
     14            1        0.309043E-01       0.996746E+00            38.747
     15            1        0.269407E-01       0.395095E-03            38.778
     16            1        0.918662E-01       0.185568E+00            38.805
     17            1        0.804676E-01       0.966670E-01            38.896
     18            1        0.231093E-01       0.189012E-03            38.977
Time in fs:     39.00000
Complete equation: Runge-Kutta order 5
   Step        Accepted?    Stepsize [fs]      Error (scaled)       Time [fs]
      1            1        0.100718E+00       0.306553E+00            39.000
      2            1        0.107291E+00       0.430679E+00            39.101
      3            1        0.106282E+00       0.419783E+00            39.208
      4            1        0.107190E+00       0.449313E+00            39.314
      5            1        0.106754E+00       0.452491E+00            39.421
      6            1        0.106482E+00       0.456853E+00            39.528
      7            0        0.106067E+00       0.159548E+01            39.635
      8            0        0.881721E-01       0.128649E+01            39.635
      9            0        0.760282E-01       0.110405E+01            39.635
     10            1        0.672836E-01       0.976923E+00            39.635
     11            1        0.589205E-01       0.242678E-01            39.702
     12            0        0.996892E-01       0.204718E+01            39.761
     13            0        0.794317E-01       0.158267E+01            39.761
     14            0        0.661211E-01       0.130264E+01            39.761
     15            0        0.568935E-01       0.111430E+01            39.761
     16            1        0.502706E-01       0.981148E+00            39.761
     17            1        0.391168E-01       0.324667E-02            39.811
     18            1        0.931817E-01       0.256118E+00            39.850
     19            1        0.565099E-01       0.215910E-01            39.943
Time in fs:     40.00000
Complete equation: Runge-Kutta order 5
   Step        Accepted?    Stepsize [fs]      Error (scaled)       Time [fs]
      1            0        0.840613E-01       0.875349E+01            40.000
      2            1        0.523200E-01       0.388213E+00            40.000
      3            1        0.535413E-01       0.254189E+00            40.052
      4            1        0.585623E-01       0.279386E-01            40.106
      5            1        0.916667E-01       0.272444E+00            40.164
      6            1        0.891878E-01       0.248781E+00            40.256
      7            1        0.965317E-01       0.388838E+00            40.345
      8            1        0.964905E-01       0.410433E+00            40.442
      9            1        0.972896E-01       0.454480E+00            40.538
     10            0        0.966187E-01       0.118825E+01            40.636
     11            1        0.844442E-01       0.647661E+00            40.636
     12            1        0.792836E-01       0.188436E+00            40.720
     13            1        0.931327E-01       0.450572E+00            40.799
     14            1        0.897865E-01       0.403468E+00            40.892
     15            1        0.177630E-01       0.127181E-03            40.982
Time in fs:     41.00000
Complete equation: Runge-Kutta order 5
   Step        Accepted?    Stepsize [fs]      Error (scaled)       Time [fs]
      1            1        0.913307E-01       0.481248E+00            41.000
      2            0        0.901109E-01       0.156001E+02            41.091
      3            1        0.508380E-01       0.614404E+00            41.091
      4            1        0.482712E-01       0.219730E-01            41.142
      5            1        0.815356E-01       0.323693E+00            41.190
      6            0        0.763032E-01       0.185920E+01            41.272
      7            1        0.618016E-01       0.698625E+00            41.272
      8            1        0.565101E-01       0.604128E-01            41.334
      9            1        0.807880E-01       0.402459E+00            41.390
     10            0        0.758633E-01       0.174529E+02            41.471
     11            1        0.419911E-01       0.356322E+00            41.471
     12            1        0.434285E-01       0.193340E-01            41.513
     13            1        0.733527E-01       0.306338E+00            41.556
     14            1        0.689378E-01       0.247158E+00            41.630
     15            1        0.750486E-01       0.435360E+00            41.699
     16            0        0.735698E-01       0.668298E+01            41.774
     17            0        0.479399E-01       0.175525E+01            41.774
     18            0        0.392105E-01       0.142976E+01            41.774
     19            0        0.332086E-01       0.120823E+01            41.774
     20            0        0.289419E-01       0.105159E+01            41.774
     21            1        0.258259E-01       0.937557E+00            41.774
     22            1        0.227307E-01       0.101452E-02            41.800
     23            1        0.658674E-01       0.265764E+00            41.822
     24            1        0.563637E-01       0.128215E+00            41.888
     25            1        0.553782E-01       0.127677E+00            41.945
Time in fs:     42.00000
Complete equation: Runge-Kutta order 5
   Step        Accepted?    Stepsize [fs]      Error (scaled)       Time [fs]
      1            1        0.682137E-01       0.434895E+00            42.000
      2            1        0.684715E-01       0.496246E+00            42.068
      3            1        0.671458E-01       0.495117E+00            42.137
      4            1        0.662200E-01       0.505681E+00            42.204
      5            0        0.650670E-01       0.302483E+01            42.270
      6            1        0.485159E-01       0.911876E+00            42.270
      7            1        0.431611E-01       0.565639E-01            42.319
      8            1        0.630668E-01       0.473205E+00            42.362
      9            1        0.574628E-01       0.965139E+00            42.425
     10            1        0.504953E-01       0.158975E+00            42.482
     11            1        0.620371E-01       0.516867E+00            42.533
     12            1        0.580327E-01       0.532481E+00            42.595
     13            1        0.566211E-01       0.915444E+00            42.653
     14            0        0.504424E-01       0.425504E+01            42.709
     15            1        0.354915E-01       0.224966E+00            42.709
     16            1        0.410178E-01       0.716380E-01            42.745
     17            0        0.544409E-01       0.414389E+01            42.786
     18            0        0.384776E-01       0.120303E+01            42.786
     19            0        0.335586E-01       0.104587E+01            42.786
     20            1        0.299733E-01       0.932443E+00            42.786
     21            1        0.245667E-01       0.496797E-02            42.816
     22            1        0.543281E-01       0.347215E+00            42.840
     23            1        0.473383E-01       0.168599E+00            42.895
     24            1        0.552730E-01       0.400427E+00            42.942
     25            1        0.256721E-02       0.563092E-07            42.997
Time in fs:     43.00000
Complete equation: Runge-Kutta order 5
   Step        Accepted?    Stepsize [fs]      Error (scaled)       Time [fs]
      1            1        0.541254E-01       0.366590E+00            43.000
      2            1        0.559311E-01       0.448831E+00            43.054
      3            1        0.554127E-01       0.436238E+00            43.110
      4            1        0.556137E-01       0.454192E+00            43.165
      5            1        0.553711E-01       0.451715E+00            43.221
      6            0        0.552698E-01       0.181505E+02            43.276
      7            1        0.303892E-01       0.473455E+00            43.276
      8            1        0.300856E-01       0.177187E-01            43.307
      9            1        0.521650E-01       0.336292E+00            43.337
     10            1        0.480859E-01       0.218473E+00            43.389
     11            1        0.536576E-01       0.397462E+00            43.437
     12            1        0.531581E-01       0.378951E+00            43.491
     13            1        0.543781E-01       0.428547E+00            43.544
     14            1        0.543714E-01       0.427268E+00            43.598
     15            1        0.546605E-01       0.437822E+00            43.653
     16            1        0.547172E-01       0.437810E+00            43.707
     17            0        0.548276E-01       0.174160E+02            43.762
     18            1        0.303585E-01       0.353258E+00            43.762
     19            1        0.315500E-01       0.237027E-01            43.792
     20            1        0.514576E-01       0.311050E+00            43.824
     21            1        0.486299E-01       0.229103E+00            43.875
     22            0        0.536603E-01       0.143977E+01            43.924
     23            1        0.453927E-01       0.502447E+00            43.924
     24            0        0.304887E-01       0.106080E+01            43.970
     25            1        0.271659E-01       0.387570E+00            43.970
     26            1        0.332283E-02       0.262844E-06            43.997
Time in fs:     44.00000
Complete equation: Runge-Kutta order 5
   Step        Accepted?    Stepsize [fs]      Error (scaled)       Time [fs]
      1            1        0.279441E-01       0.126190E-01            44.000
      2            1        0.512011E-01       0.297265E+00            44.028
      3            1        0.475476E-01       0.200463E+00            44.079
      4            1        0.535736E-01       0.374678E+00            44.127
      5            1        0.534260E-01       0.367731E+00            44.180
      6            1        0.548026E-01       0.418746E+00            44.234
      7            1        0.549457E-01       0.422714E+00            44.288
      8            1        0.552874E-01       0.434802E+00            44.343
      9            0        0.553861E-01       0.121667E+02            44.399
     10            1        0.325960E-01       0.255536E+00            44.399
     11            1        0.357826E-01       0.452479E-01            44.431
     12            1        0.516131E-01       0.951187E+00            44.467
     13            1        0.413925E-01       0.101796E+00            44.519
     14            0        0.548252E-01       0.147510E+02            44.560
     15            0        0.312265E-01       0.102387E+01            44.560
     16            1        0.279913E-01       0.453213E+00            44.560
     17            1        0.263029E-01       0.969980E-02            44.588
     18            1        0.504369E-01       0.276346E+00            44.614
     19            1        0.469261E-01       0.771094E+00            44.665
     20            1        0.419283E-01       0.103268E+00            44.712
     21            1        0.549363E-01       0.412088E+00            44.754
     22            1        0.524943E-01       0.320581E+00            44.809
     23            1        0.553280E-01       0.414465E+00            44.861
     24            1        0.552652E-01       0.406334E+00            44.916
     25            1        0.282784E-01       0.133034E-01            44.972
Time in fs:     45.00000
Complete equation: Runge-Kutta order 5
   Step        Accepted?    Stepsize [fs]      Error (scaled)       Time [fs]
      1            1        0.559608E-01       0.425736E+00            45.000
      2            1        0.563759E-01       0.757486E+00            45.056
      3            1        0.514053E-01       0.271235E+00            45.112
      4            0        0.571158E-01       0.115407E+01            45.164
      5            1        0.501672E-01       0.444717E+00            45.164
      6            1        0.491837E-01       0.214841E+00            45.214
      7            1        0.556580E-01       0.401114E+00            45.263
      8            1        0.550173E-01       0.377543E+00            45.319
      9            1        0.563363E-01       0.900015E+00            45.374
     10            1        0.496463E-01       0.223953E+00            45.430
     11            1        0.573816E-01       0.466627E+00            45.480
     12            1        0.553728E-01       0.390883E+00            45.537
     13            1        0.567088E-01       0.442734E+00            45.593
     14            1        0.564586E-01       0.435051E+00            45.649
     15            1        0.566587E-01       0.445320E+00            45.706
     16            1        0.565948E-01       0.603704E+00            45.762
     17            0        0.537311E-01       0.553934E+01            45.819
     18            0        0.361477E-01       0.121347E+01            45.819
     19            0        0.314802E-01       0.105514E+01            45.819
     20            1        0.280749E-01       0.940194E+00            45.819
     21            1        0.250234E-01       0.734819E-02            45.847
     22            1        0.517925E-01       0.285346E+00            45.872
     23            1        0.473961E-01       0.183432E+00            45.924
     24            1        0.287871E-01       0.150357E-01            45.971
Time in fs:     46.00000
Complete equation: Runge-Kutta order 5
   Step        Accepted?    Stepsize [fs]      Error (scaled)       Time [fs]
      1            1        0.541264E-01       0.361525E+00            46.000
      2            1        0.560647E-01       0.434421E+00            46.054
      3            0        0.558229E-01       0.245022E+01            46.110
      4            1        0.431410E-01       0.772982E+00            46.110
      5            1        0.392338E-01       0.726064E-01            46.153
      6            1        0.545838E-01       0.385279E+00            46.193
      7            0        0.520192E-01       0.173731E+01            46.247
      8            0        0.426213E-01       0.131834E+01            46.247
      9            0        0.365986E-01       0.109484E+01            46.247
     10            1        0.324353E-01       0.951110E+00            46.247
     11            1        0.283395E-01       0.143014E-01            46.280
     12            1        0.524022E-01       0.316494E+00            46.308
     13            1        0.483888E-01       0.212863E+00            46.360
     14            1        0.541035E-01       0.376069E+00            46.409
     15            1        0.540501E-01       0.376299E+00            46.463
     16            1        0.552343E-01       0.422152E+00            46.517
     17            1        0.553532E-01       0.428949E+00            46.572
     18            0        0.555770E-01       0.125042E+01            46.627
     19            1        0.481547E-01       0.467330E+00            46.627
     20            0        0.476805E-01       0.101411E+01            46.676
     21            1        0.428104E-01       0.378167E+00            46.676
     22            1        0.440931E-01       0.137422E+00            46.718
     23            1        0.534873E-01       0.365649E+00            46.763
     24            1        0.527588E-01       0.341867E+00            46.816
     25            0        0.547399E-01       0.216908E+02            46.869
     26            1        0.291998E-01       0.401261E+00            46.869
     27            1        0.294032E-01       0.179216E-01            46.898
     28            1        0.505475E-01       0.275836E+00            46.927
     29            1        0.220888E-01       0.424863E-02            46.978
Time in fs:     47.00000
Complete equation: Runge-Kutta order 5
   Step        Accepted?    Stepsize [fs]      Error (scaled)       Time [fs]
      1            1        0.482132E-01       0.217121E+00            47.000
      2            1        0.544616E-01       0.402221E+00            47.048
      3            0        0.538322E-01       0.110217E+02            47.103
      4            1        0.322182E-01       0.239624E+00            47.103
      5            1        0.356453E-01       0.466816E-01            47.135
      6            1        0.510119E-01       0.285620E+00            47.171
      7            0        0.502569E-01       0.142896E+02            47.222
      8            1        0.287796E-01       0.301632E+00            47.222
      9            1        0.302029E-01       0.201052E-01            47.250
     10            1        0.503393E-01       0.265705E+00            47.281
     11            1        0.485438E-01       0.220282E+00            47.331
     12            0        0.535854E-01       0.234534E+01            47.379
     13            1        0.417209E-01       0.136222E+00            47.379
     14            1        0.496014E-01       0.514217E+00            47.421
     15            1        0.461542E-01       0.168353E+00            47.471
     16            1        0.547573E-01       0.401534E+00            47.517
     17            1        0.535921E-01       0.359918E+00            47.572
     18            0        0.553270E-01       0.226212E+01            47.625
     19            0        0.433423E-01       0.175275E+01            47.625
     20            0        0.354586E-01       0.143577E+01            47.625
     21            0        0.300096E-01       0.121775E+01            47.625
     22            0        0.261191E-01       0.106186E+01            47.625
     23            1        0.232685E-01       0.947378E+00            47.625
     24            1        0.202885E-01       0.263858E-02            47.649
     25            1        0.499944E-01       0.252912E+00            47.669
     26            1        0.448243E-01       0.145751E+00            47.719
     27            1        0.529738E-01       0.575566E+00            47.764
     28            1        0.484877E-01       0.220100E+00            47.817
     29            1        0.552119E-01       0.430771E+00            47.865
     30            1        0.539707E-01       0.388915E+00            47.920
     31            1        0.257383E-01       0.930273E-02            47.974
Time in fs:     48.00000
Complete equation: Runge-Kutta order 5
   Step        Accepted?    Stepsize [fs]      Error (scaled)       Time [fs]
      1            1        0.551436E-01       0.445347E+00            48.000
      2            1        0.551290E-01       0.454996E+00            48.055
      3            1        0.549173E-01       0.458575E+00            48.110
      4            0        0.546804E-01       0.178364E+01            48.165
      5            1        0.446018E-01       0.352956E+00            48.165
      6            1        0.464450E-01       0.455079E+00            48.210
      7            0        0.458369E-01       0.136468E+01            48.256
      8            1        0.391294E-01       0.472642E+00            48.256
      9            1        0.387613E-01       0.963165E-01            48.295
     10            1        0.503956E-01       0.391980E+00            48.334
     11            1        0.484316E-01       0.353151E+00            48.385
     12            1        0.501127E-01       0.463869E+00            48.433
     13            1        0.492972E-01       0.920271E+00            48.483
     14            0        0.436370E-01       0.814159E+01            48.532
     15            1        0.274964E-01       0.183889E+00            48.532
     16            1        0.328928E-01       0.709495E-01            48.560
     17            1        0.433775E-01       0.307838E+00            48.593
     18            1        0.429072E-01       0.316967E+00            48.636
     19            1        0.447850E-01       0.426549E+00            48.679
     20            0        0.444960E-01       0.548125E+01            48.724
     21            0        0.299885E-01       0.373498E+01            48.724
     22            0        0.215729E-01       0.268373E+01            48.724
     23            0        0.164159E-01       0.204121E+01            48.724
     24            0        0.130866E-01       0.162684E+01            48.724
     25            0        0.108428E-01       0.134773E+01            48.724
     26            0        0.927578E-02       0.115286E+01            48.724
     27            0        0.814875E-02       0.101274E+01            48.724
     28            1        0.731811E-02       0.909476E+00            48.724
     29            1        0.646912E-02       0.274311E-04            48.731
     30            1        0.345890E-01       0.126851E+00            48.738
     31            1        0.305929E-01       0.716441E-01            48.772
     32            1        0.396839E-01       0.278266E+00            48.803
     33            1        0.399490E-01       0.300003E+00            48.842
     34            1        0.419195E-01       0.395070E+00            48.882
     35            1        0.421026E-01       0.411927E+00            48.924
     36            1        0.335526E-01       0.129881E+00            48.966
Time in fs:     49.00000
Complete equation: Runge-Kutta order 5
   Step        Accepted?    Stepsize [fs]      Error (scaled)       Time [fs]
      1            1        0.424520E-01       0.430454E+00            49.000
      2            1        0.426869E-01       0.434950E+00            49.042
      3            1        0.427917E-01       0.426689E+00            49.085
      4            1        0.430547E-01       0.420905E+00            49.128
      5            1        0.433866E-01       0.413006E+00            49.171
      6            1        0.438382E-01       0.405647E+00            49.214
      7            1        0.443965E-01       0.398243E+00            49.258
      8            1        0.450705E-01       0.770417E+00            49.303
      9            1        0.408693E-01       0.212228E+00            49.348
     10            0        0.473753E-01       0.238888E+02            49.389
     11            1        0.248600E-01       0.588253E+00            49.389
     12            1        0.230139E-01       0.969590E-02            49.413
     13            1        0.445960E-01       0.268627E+00            49.436
     14            1        0.416914E-01       0.171807E+00            49.481
     15            1        0.480284E-01       0.323011E+00            49.523
     16            1        0.488174E-01       0.320783E+00            49.571
     17            1        0.509483E-01       0.370480E+00            49.620
     18            1        0.518718E-01       0.660168E+00            49.671
     19            1        0.481485E-01       0.253710E+00            49.722
     20            1        0.538114E-01       0.437512E+00            49.771
     21            1        0.527621E-01       0.390816E+00            49.824
     22            1        0.538975E-01       0.433563E+00            49.877
     23            1        0.538507E-01       0.430994E+00            49.931
     24            1        0.151564E-01       0.713335E-03            49.985
Time in fs:     50.00000
