 ------ Host: "tp-linux1" ----------Thu Mar  2 21:09:28 2017
            
 /home/thomas/cf4/DD-vMCG/cf4
 ---------------------------------------------------------------------------
  
 Subroutine       Calls N      cpu/N          cpu     %cpu        Clock
 PropWF                 1  1556.9560       1556.956   100.0       5771.124
 Funkr               6576     0.2352       1546.948    99.4       5758.468
 RK5                   50    30.8342       1541.712    99.0       5751.445
 Gwp_Gdot            6576     0.1421        934.672    60.0        941.600
 subgdot1            6576     0.1421        934.592    60.0        941.546
 Gh_elements         6576     0.0870        571.828    36.7        580.099
 Gh_elems: sum     105216     0.0034        358.172    23.0        362.419
 Gh_elems: LHA       6576     0.0321        211.224    13.6        215.109
 DBread            131520     0.0016        208.092    13.4        212.163
 GWP overlap         6577     0.0019         12.820     0.8         12.975
 GWP ODE Test         912     0.0071          6.472     0.4          6.627
 Setgwpdyn1ms         913     0.0069          6.336     0.4          6.447
 Gwp_Ymat            6576     0.0009          5.620     0.4          5.741
 Output                51     0.0651          3.320     0.2          3.337
 Gwp_projector      14065     0.0001          1.636     0.1          1.691
 GWP orthonorm      14065     0.0001          1.308     0.1          1.356
 Gh_elems: kinet    98640     0.0000          0.832     0.1          0.871
 Density             6577     0.0000          0.044     0.0          0.066
 GenOPER                1     0.0600          0.060     0.0          0.240
 CalcOPs                1     0.0280          0.028     0.0          0.100
 Init_WF                1     0.0200          0.020     0.0          0.038
 PhiHunPhi           6576     0.0000          0.020     0.0          0.020
 Dicht1Phi           6576     0.0000          0.016     0.0          0.008
 HPhi                6576     0.0000          0.008     0.0          0.012
 Mfields             6576     0.0000          0.020     0.0          0.011
 Hlochphi            6576     0.0000          0.008     0.0          0.012
 PhiHPhi             6576     0.0000          0.020     0.0          0.005
 Project             6576     0.0000          0.008     0.0          0.007
 HunPhi              6576     0.0000          0.000     0.0          0.009
 AddHunPhi           6576     0.0000          0.000     0.0          0.003
 GenDVR                 1     0.0040          0.004     0.0          0.024
 GWPlindep1ms         913  -662.0769    -604476.228 *******          0.000

Total (cpu,wall)     1557.052     5771.219   (     1h : 36m :  11s)


 ---------------------------------------------------------------------------
 ------ Host: "tp-linux1" ----------Thu Mar  2 22:45:39 2017
            
