#    time[fs]         Re(autocorrel)     Im(autocorrel)     Abs(autocorrel)
     0.00000000       1.00000000000000   0.00000000000000   1.00000000000000
     2.00000000      -0.02312180593113   0.02922613749899   0.03726640608680
     4.00000000       0.00000336710997  -0.00000305809332   0.00000454855629
     6.00000000      -0.00000000000544  -0.00000000001824   0.00000000001904
     8.00000000       0.00000000000000  -0.00000000000000   0.00000000000000
     10.0000000      -0.00000000000000  -0.00000000000000   0.00000000000000
     12.0000000      -0.00000000000000  -0.00000000000000   0.00000000000000
     14.0000000       0.00000000000000   0.00000000000000   0.00000000000000
     16.0000000      -0.00000000000000  -0.00000000000000   0.00000000000000
     18.0000000      -0.00000000000000   0.00000000000000   0.00000000000000
     20.0000000       0.00000000000000  -0.00000000000000   0.00000000000000
     22.0000000      -0.00000000000000  -0.00000000000000   0.00000000000000
     24.0000000      -0.00000000000000   0.00000000000000   0.00000000000000
     26.0000000       0.00000000000000   0.00000000000000   0.00000000000000
     28.0000000       0.00000000000000  -0.00000000000000   0.00000000000000
     30.0000000       0.00000000000000   0.00000000000000   0.00000000000000
     32.0000000      -0.00000000000000   0.00000000000000   0.00000000000000
     34.0000000      -0.00000000000000  -0.00000000000000   0.00000000000000
     36.0000000      -0.00000000000000  -0.00000000000000   0.00000000000000
     38.0000000      -0.00000000000000  -0.00000000000000   0.00000000000000
     40.0000000      -0.00000000000000  -0.00000000000000   0.00000000000000
     42.0000000      -0.00000000000000  -0.00000000000000   0.00000000000000
     44.0000000      -0.00000000000000  -0.00000000000000   0.00000000000000
     46.0000000       0.00000000000000   0.00000000000000   0.00000000000000
     48.0000000      -0.00000000000000  -0.00000000000000   0.00000000000000
     50.0000000      -0.00000000000000   0.00000000000000   0.00000000000000
     52.0000000      -0.00000000000000   0.00000000000000   0.00000000000000
     54.0000000      -0.00000000000000   0.00000000000000   0.00000000000000
     56.0000000       0.00000000000000  -0.00000000000000   0.00000000000000
     58.0000000       0.00000000000000   0.00000000000000   0.00000000000000
     60.0000000      -0.00000000000000   0.00000000000000   0.00000000000000
     62.0000000       0.00000000000000  -0.00000000000000   0.00000000000000
     64.0000000       0.00000000000000   0.00000000000000   0.00000000000000
     66.0000000      -0.00000000000000   0.00000000000000   0.00000000000000
     68.0000000      -0.00000000000000   0.00000000000000   0.00000000000000
     70.0000000       0.00000000000000   0.00000000000000   0.00000000000000
     72.0000000      -0.00000000000000  -0.00000000000000   0.00000000000000
     74.0000000       0.00000000000000   0.00000000000000   0.00000000000000
     76.0000000      -0.00000000000000   0.00000000000000   0.00000000000000
     78.0000000      -0.00000000000000   0.00000000000000   0.00000000000000
     80.0000000      -0.00000000000000  -0.00000000000000   0.00000000000000
     82.0000000      -0.00000000000000  -0.00000000000000   0.00000000000000
     84.0000000       0.00000000000000  -0.00000000000000   0.00000000000000
     86.0000000      -0.00000000000000   0.00000000000000   0.00000000000000
     88.0000000       0.00000000000000   0.00000000000000   0.00000000000000
     90.0000000       0.00000000000000   0.00000000000000   0.00000000000000
     92.0000000      -0.00000000000000   0.00000000000000   0.00000000000000
     94.0000000      -0.00000000000000  -0.00000000000000   0.00000000000000
     96.0000000       0.00000000000000   0.00000000000000   0.00000000000000
     98.0000000      -0.00000000000000   0.00000000000000   0.00000000000000
     100.000000      -0.00000000000000  -0.00000000000000   0.00000000000000
     102.000000       0.00000000000000  -0.00000000000000   0.00000000000000
     104.000000       0.00000000000000  -0.00000000000000   0.00000000000000
     106.000000      -0.00000000000000  -0.00000000000000   0.00000000000000
     108.000000       0.00000000000000   0.00000000000000   0.00000000000000
     110.000000      -0.00000000000000  -0.00000000000000   0.00000000000000
     112.000000      -0.00000000000000  -0.00000000000000   0.00000000000000
     114.000000      -0.00000000000000  -0.00000000000000   0.00000000000000
     116.000000      -0.00000000000000  -0.00000000000000   0.00000000000000
     118.000000      -0.00000000000000  -0.00000000000000   0.00000000000000
     120.000000      -0.00000000000000  -0.00000000000000   0.00000000000000
     122.000000       0.00000000000000  -0.00000000000000   0.00000000000000
     124.000000      -0.00000000000000   0.00000000000000   0.00000000000000
     126.000000       0.00000000000000  -0.00000000000000   0.00000000000000
     128.000000       0.00000000000000  -0.00000000000000   0.00000000000000
     130.000000       0.00000000000000  -0.00000000000000   0.00000000000000
     132.000000       0.00000000000000   0.00000000000000   0.00000000000000
     134.000000      -0.00000000000000   0.00000000000000   0.00000000000000
     136.000000      -0.00000000000000  -0.00000000000000   0.00000000000000
     138.000000       0.00000000000000  -0.00000000000000   0.00000000000000
     140.000000       0.00000000000000   0.00000000000000   0.00000000000000
     142.000000       0.00000000000000   0.00000000000000   0.00000000000000
     144.000000       0.00000000000000  -0.00000000000000   0.00000000000000
     146.000000      -0.00000000000000   0.00000000000000   0.00000000000000
     148.000000      -0.00000000000000  -0.00000000000000   0.00000000000000
     150.000000      -0.00000000000000  -0.00000000000000   0.00000000000000
     152.000000      -0.00000000000000  -0.00000000000000   0.00000000000000
     154.000000      -0.00000000000000  -0.00000000000000   0.00000000000000
     156.000000      -0.00000000000000  -0.00000000000000   0.00000000000000
     158.000000       0.00000000000000  -0.00000000000000   0.00000000000000
     160.000000       0.00000000000000   0.00000000000000   0.00000000000000
     162.000000      -0.00000000000000  -0.00000000000000   0.00000000000000
     164.000000      -0.00000000000000  -0.00000000000000   0.00000000000000
     166.000000      -0.00000000000000   0.00000000000000   0.00000000000000
     168.000000      -0.00000000000000  -0.00000000000000   0.00000000000000
     170.000000       0.00000000000000  -0.00000000000000   0.00000000000000
     172.000000       0.00000000000000   0.00000000000000   0.00000000000000
     174.000000      -0.00000000000000   0.00000000000000   0.00000000000000
     176.000000      -0.00000000000000   0.00000000000000   0.00000000000000
     178.000000      -0.00000000000000   0.00000000000000   0.00000000000000
     180.000000       0.00000000000000   0.00000000000000   0.00000000000000
     182.000000      -0.00000000000000  -0.00000000000000   0.00000000000000
     184.000000       0.00000000000000   0.00000000000000   0.00000000000000
     186.000000      -0.00000000000000   0.00000000000000   0.00000000000000
     188.000000      -0.00000000000000   0.00000000000000   0.00000000000000
     190.000000       0.00000000000000   0.00000000000000   0.00000000000000
     192.000000       0.00000000000000   0.00000000000000   0.00000000000000
     194.000000       0.00000000000000   0.00000000000000   0.00000000000000
     196.000000      -0.00000000000000   0.00000000000000   0.00000000000000
     198.000000      -0.00000000000000  -0.00000000000000   0.00000000000000
     200.000000      -0.00000000000000   0.00000000000000   0.00000000000000
     202.000000       0.00000000000000   0.00000000000000   0.00000000000000
     204.000000       0.00000000000000   0.00000000000000   0.00000000000000
     206.000000      -0.00000000000000   0.00000000000000   0.00000000000000
     208.000000      -0.00000000000000  -0.00000000000000   0.00000000000000
     210.000000       0.00000000000000  -0.00000000000000   0.00000000000000
     212.000000      -0.00000000000000   0.00000000000000   0.00000000000000
     214.000000      -0.00000000000000   0.00000000000000   0.00000000000000
     216.000000      -0.00000000000000   0.00000000000000   0.00000000000000
     218.000000       0.00000000000000   0.00000000000000   0.00000000000000
     220.000000      -0.00000000000000  -0.00000000000000   0.00000000000000
     222.000000       0.00000000000000  -0.00000000000000   0.00000000000000
     224.000000       0.00000000000000   0.00000000000000   0.00000000000000
     226.000000       0.00000000000000   0.00000000000000   0.00000000000000
     228.000000       0.00000000000000   0.00000000000000   0.00000000000000
     230.000000       0.00000000000000  -0.00000000000000   0.00000000000000
     232.000000       0.00000000000000   0.00000000000000   0.00000000000000
     234.000000      -0.00000000000000   0.00000000000000   0.00000000000000
     236.000000      -0.00000000000000  -0.00000000000000   0.00000000000000
     238.000000      -0.00000000000000   0.00000000000000   0.00000000000000
     240.000000      -0.00000000000000   0.00000000000000   0.00000000000000
     242.000000      -0.00000000000000   0.00000000000000   0.00000000000000
     244.000000      -0.00000000000000   0.00000000000000   0.00000000000000
     246.000000      -0.00000000000000  -0.00000000000000   0.00000000000000
     248.000000       0.00000000000000  -0.00000000000000   0.00000000000000
     250.000000       0.00000000000000   0.00000000000000   0.00000000000000
     252.000000       0.00000000000000   0.00000000000000   0.00000000000000
     254.000000       0.00000000000000   0.00000000000000   0.00000000000000
     256.000000       0.00000000000000  -0.00000000000000   0.00000000000000
     258.000000      -0.00000000000000   0.00000000000000   0.00000000000000
     260.000000      -0.00000000000000  -0.00000000000000   0.00000000000000
     262.000000      -0.00000000000000  -0.00000000000000   0.00000000000000
     264.000000      -0.00000000000000  -0.00000000000000   0.00000000000000
     266.000000      -0.00000000000000  -0.00000000000000   0.00000000000000
     268.000000      -0.00000000000000  -0.00000000000000   0.00000000000000
     270.000000      -0.00000000000000  -0.00000000000000   0.00000000000000
     272.000000       0.00000000000000   0.00000000000000   0.00000000000000
     274.000000      -0.00000000000000  -0.00000000000000   0.00000000000000
     276.000000      -0.00000000000000   0.00000000000000   0.00000000000000
     278.000000      -0.00000000000000   0.00000000000000   0.00000000000000
     280.000000      -0.00000000000000  -0.00000000000000   0.00000000000000
     282.000000       0.00000000000000  -0.00000000000000   0.00000000000000
     284.000000       0.00000000000000   0.00000000000000   0.00000000000000
     286.000000      -0.00000000000000   0.00000000000000   0.00000000000000
     288.000000      -0.00000000000000   0.00000000000000   0.00000000000000
     290.000000      -0.00000000000000   0.00000000000000   0.00000000000000
     292.000000       0.00000000000000   0.00000000000000   0.00000000000000
     294.000000       0.00000000000000  -0.00000000000000   0.00000000000000
     296.000000       0.00000000000000   0.00000000000000   0.00000000000000
     298.000000      -0.00000000000000   0.00000000000000   0.00000000000000
     300.000000      -0.00000000000000   0.00000000000000   0.00000000000000
     302.000000       0.00000000000000   0.00000000000000   0.00000000000000
     304.000000       0.00000000000000   0.00000000000000   0.00000000000000
     306.000000       0.00000000000000   0.00000000000000   0.00000000000000
     308.000000      -0.00000000000000   0.00000000000000   0.00000000000000
     310.000000      -0.00000000000000  -0.00000000000000   0.00000000000000
     312.000000      -0.00000000000000   0.00000000000000   0.00000000000000
     314.000000       0.00000000000000   0.00000000000000   0.00000000000000
     316.000000       0.00000000000000   0.00000000000000   0.00000000000000
     318.000000      -0.00000000000000   0.00000000000000   0.00000000000000
     320.000000      -0.00000000000000  -0.00000000000000   0.00000000000000
     322.000000       0.00000000000000  -0.00000000000000   0.00000000000000
     324.000000       0.00000000000000   0.00000000000000   0.00000000000000
     326.000000      -0.00000000000000   0.00000000000000   0.00000000000000
     328.000000      -0.00000000000000   0.00000000000000   0.00000000000000
     330.000000       0.00000000000000   0.00000000000000   0.00000000000000
     332.000000      -0.00000000000000  -0.00000000000000   0.00000000000000
     334.000000       0.00000000000000  -0.00000000000000   0.00000000000000
     336.000000       0.00000000000000  -0.00000000000000   0.00000000000000
     338.000000       0.00000000000000  -0.00000000000000   0.00000000000000
     340.000000       0.00000000000000  -0.00000000000000   0.00000000000000
     342.000000       0.00000000000000  -0.00000000000000   0.00000000000000
     344.000000       0.00000000000000   0.00000000000000   0.00000000000000
     346.000000      -0.00000000000000   0.00000000000000   0.00000000000000
     348.000000       0.00000000000000  -0.00000000000000   0.00000000000000
     350.000000      -0.00000000000000  -0.00000000000000   0.00000000000000
     352.000000      -0.00000000000000   0.00000000000000   0.00000000000000
     354.000000      -0.00000000000000   0.00000000000000   0.00000000000000
     356.000000      -0.00000000000000  -0.00000000000000   0.00000000000000
     358.000000       0.00000000000000  -0.00000000000000   0.00000000000000
     360.000000       0.00000000000000   0.00000000000000   0.00000000000000
     362.000000       0.00000000000000   0.00000000000000   0.00000000000000
     364.000000       0.00000000000000   0.00000000000000   0.00000000000000
     366.000000       0.00000000000000   0.00000000000000   0.00000000000000
     368.000000      -0.00000000000000  -0.00000000000000   0.00000000000000
     370.000000       0.00000000000000   0.00000000000000   0.00000000000000
     372.000000      -0.00000000000000   0.00000000000000   0.00000000000000
     374.000000      -0.00000000000000   0.00000000000000   0.00000000000000
     376.000000      -0.00000000000000   0.00000000000000   0.00000000000000
     378.000000      -0.00000000000000   0.00000000000000   0.00000000000000
     380.000000      -0.00000000000000   0.00000000000000   0.00000000000000
     382.000000      -0.00000000000000  -0.00000000000000   0.00000000000000
     384.000000       0.00000000000000  -0.00000000000000   0.00000000000000
     386.000000      -0.00000000000000   0.00000000000000   0.00000000000000
     388.000000       0.00000000000000   0.00000000000000   0.00000000000000
     390.000000      -0.00000000000000   0.00000000000000   0.00000000000000
     392.000000      -0.00000000000000   0.00000000000000   0.00000000000000
     394.000000      -0.00000000000000  -0.00000000000000   0.00000000000000
     396.000000       0.00000000000000   0.00000000000000   0.00000000000000
     398.000000      -0.00000000000000   0.00000000000000   0.00000000000000
     400.000000      -0.00000000000000   0.00000000000000   0.00000000000000
     402.000000      -0.00000000000000   0.00000000000000   0.00000000000000
     404.000000       0.00000000000000   0.00000000000000   0.00000000000000
     406.000000      -0.00000000000000  -0.00000000000000   0.00000000000000
     408.000000       0.00000000000000   0.00000000000000   0.00000000000000
     410.000000       0.00000000000000   0.00000000000000   0.00000000000000
     412.000000       0.00000000000000   0.00000000000000   0.00000000000000
     414.000000       0.00000000000000   0.00000000000000   0.00000000000000
     416.000000       0.00000000000000   0.00000000000000   0.00000000000000
     418.000000       0.00000000000000   0.00000000000000   0.00000000000000
     420.000000      -0.00000000000000   0.00000000000000   0.00000000000000
     422.000000      -0.00000000000000  -0.00000000000000   0.00000000000000
     424.000000      -0.00000000000000   0.00000000000000   0.00000000000000
     426.000000       0.00000000000000   0.00000000000000   0.00000000000000
     428.000000       0.00000000000000   0.00000000000000   0.00000000000000
     430.000000       0.00000000000000   0.00000000000000   0.00000000000000
     432.000000      -0.00000000000000   0.00000000000000   0.00000000000000
     434.000000      -0.00000000000000  -0.00000000000000   0.00000000000000
     436.000000       0.00000000000000  -0.00000000000000   0.00000000000000
     438.000000       0.00000000000000   0.00000000000000   0.00000000000000
     440.000000       0.00000000000000   0.00000000000000   0.00000000000000
     442.000000       0.00000000000000  -0.00000000000000   0.00000000000000
     444.000000      -0.00000000000000   0.00000000000000   0.00000000000000
     446.000000      -0.00000000000000  -0.00000000000000   0.00000000000000
     448.000000      -0.00000000000000  -0.00000000000000   0.00000000000000
     450.000000      -0.00000000000000  -0.00000000000000   0.00000000000000
     452.000000      -0.00000000000000  -0.00000000000000   0.00000000000000
     454.000000      -0.00000000000000  -0.00000000000000   0.00000000000000
     456.000000       0.00000000000000  -0.00000000000000   0.00000000000000
     458.000000       0.00000000000000   0.00000000000000   0.00000000000000
     460.000000      -0.00000000000000  -0.00000000000000   0.00000000000000
     462.000000      -0.00000000000000   0.00000000000000   0.00000000000000
     464.000000      -0.00000000000000   0.00000000000000   0.00000000000000
     466.000000      -0.00000000000000   0.00000000000000   0.00000000000000
     468.000000      -0.00000000000000  -0.00000000000000   0.00000000000000
     470.000000       0.00000000000000  -0.00000000000000   0.00000000000000
     472.000000       0.00000000000000   0.00000000000000   0.00000000000000
     474.000000      -0.00000000000000   0.00000000000000   0.00000000000000
     476.000000       0.00000000000000   0.00000000000000   0.00000000000000
     478.000000       0.00000000000000   0.00000000000000   0.00000000000000
     480.000000      -0.00000000000000  -0.00000000000000   0.00000000000000
     482.000000       0.00000000000000   0.00000000000000   0.00000000000000
     484.000000      -0.00000000000000   0.00000000000000   0.00000000000000
     486.000000      -0.00000000000000   0.00000000000000   0.00000000000000
     488.000000      -0.00000000000000   0.00000000000000   0.00000000000000
     490.000000       0.00000000000000   0.00000000000000   0.00000000000000
     492.000000       0.00000000000000   0.00000000000000   0.00000000000000
     494.000000      -0.00000000000000   0.00000000000000   0.00000000000000
     496.000000      -0.00000000000000  -0.00000000000000   0.00000000000000
     498.000000       0.00000000000000   0.00000000000000   0.00000000000000
     500.000000       0.00000000000000   0.00000000000000   0.00000000000000
     502.000000       0.00000000000000   0.00000000000000   0.00000000000000
     504.000000       0.00000000000000   0.00000000000000   0.00000000000000
     506.000000      -0.00000000000000   0.00000000000000   0.00000000000000
     508.000000       0.00000000000000  -0.00000000000000   0.00000000000000
     510.000000       0.00000000000000   0.00000000000000   0.00000000000000
     512.000000       0.00000000000000   0.00000000000000   0.00000000000000
     514.000000       0.00000000000000   0.00000000000000   0.00000000000000
     516.000000       0.00000000000000  -0.00000000000000   0.00000000000000
     518.000000      -0.00000000000000  -0.00000000000000   0.00000000000000
     520.000000       0.00000000000000  -0.00000000000000   0.00000000000000
     522.000000       0.00000000000000   0.00000000000000   0.00000000000000
     524.000000       0.00000000000000   0.00000000000000   0.00000000000000
     526.000000       0.00000000000000  -0.00000000000000   0.00000000000000
     528.000000       0.00000000000000  -0.00000000000000   0.00000000000000
     530.000000       0.00000000000000   0.00000000000000   0.00000000000000
     532.000000      -0.00000000000000   0.00000000000000   0.00000000000000
     534.000000      -0.00000000000000  -0.00000000000000   0.00000000000000
     536.000000      -0.00000000000000   0.00000000000000   0.00000000000000
     538.000000       0.00000000000000   0.00000000000000   0.00000000000000
     540.000000       0.00000000000000   0.00000000000000   0.00000000000000
     542.000000      -0.00000000000000   0.00000000000000   0.00000000000000
     544.000000      -0.00000000000000  -0.00000000000000   0.00000000000000
     546.000000      -0.00000000000000  -0.00000000000000   0.00000000000000
     548.000000       0.00000000000000  -0.00000000000000   0.00000000000000
     550.000000       0.00000000000000  -0.00000000000000   0.00000000000000
     552.000000       0.00000000000000  -0.00000000000000   0.00000000000000
     554.000000      -0.00000000000000  -0.00000000000000   0.00000000000000
     556.000000       0.00000000000000   0.00000000000000   0.00000000000000
     558.000000      -0.00000000000000   0.00000000000000   0.00000000000000
     560.000000      -0.00000000000000  -0.00000000000000   0.00000000000000
     562.000000      -0.00000000000000  -0.00000000000000   0.00000000000000
     564.000000      -0.00000000000000   0.00000000000000   0.00000000000000
     566.000000      -0.00000000000000   0.00000000000000   0.00000000000000
     568.000000      -0.00000000000000  -0.00000000000000   0.00000000000000
     570.000000       0.00000000000000  -0.00000000000000   0.00000000000000
     572.000000      -0.00000000000000   0.00000000000000   0.00000000000000
     574.000000       0.00000000000000   0.00000000000000   0.00000000000000
     576.000000       0.00000000000000   0.00000000000000   0.00000000000000
     578.000000      -0.00000000000000   0.00000000000000   0.00000000000000
     580.000000      -0.00000000000000  -0.00000000000000   0.00000000000000
     582.000000       0.00000000000000  -0.00000000000000   0.00000000000000
     584.000000       0.00000000000000   0.00000000000000   0.00000000000000
     586.000000      -0.00000000000000   0.00000000000000   0.00000000000000
     588.000000      -0.00000000000000   0.00000000000000   0.00000000000000
     590.000000       0.00000000000000   0.00000000000000   0.00000000000000
     592.000000      -0.00000000000000  -0.00000000000000   0.00000000000000
     594.000000       0.00000000000000   0.00000000000000   0.00000000000000
     596.000000       0.00000000000000   0.00000000000000   0.00000000000000
     598.000000       0.00000000000000   0.00000000000000   0.00000000000000
     600.000000       0.00000000000000   0.00000000000000   0.00000000000000
     602.000000       0.00000000000000   0.00000000000000   0.00000000000000
     604.000000       0.00000000000000   0.00000000000000   0.00000000000000
     606.000000      -0.00000000000000   0.00000000000000   0.00000000000000
     608.000000      -0.00000000000000  -0.00000000000000   0.00000000000000
     610.000000       0.00000000000000   0.00000000000000   0.00000000000000
     612.000000       0.00000000000000  -0.00000000000000   0.00000000000000
     614.000000       0.00000000000000  -0.00000000000000   0.00000000000000
     616.000000       0.00000000000000   0.00000000000000   0.00000000000000
     618.000000      -0.00000000000000   0.00000000000000   0.00000000000000
     620.000000      -0.00000000000000  -0.00000000000000   0.00000000000000
     622.000000       0.00000000000000  -0.00000000000000   0.00000000000000
     624.000000       0.00000000000000  -0.00000000000000   0.00000000000000
     626.000000       0.00000000000000  -0.00000000000000   0.00000000000000
     628.000000       0.00000000000000  -0.00000000000000   0.00000000000000
     630.000000      -0.00000000000000   0.00000000000000   0.00000000000000
     632.000000      -0.00000000000000  -0.00000000000000   0.00000000000000
     634.000000       0.00000000000000  -0.00000000000000   0.00000000000000
     636.000000       0.00000000000000  -0.00000000000000   0.00000000000000
     638.000000       0.00000000000000  -0.00000000000000   0.00000000000000
     640.000000       0.00000000000000  -0.00000000000000   0.00000000000000
     642.000000       0.00000000000000  -0.00000000000000   0.00000000000000
     644.000000       0.00000000000000   0.00000000000000   0.00000000000000
     646.000000      -0.00000000000000  -0.00000000000000   0.00000000000000
     648.000000      -0.00000000000000   0.00000000000000   0.00000000000000
     650.000000      -0.00000000000000   0.00000000000000   0.00000000000000
     652.000000      -0.00000000000000   0.00000000000000   0.00000000000000
     654.000000      -0.00000000000000   0.00000000000000   0.00000000000000
     656.000000      -0.00000000000000  -0.00000000000000   0.00000000000000
     658.000000       0.00000000000000  -0.00000000000000   0.00000000000000
     660.000000       0.00000000000000  -0.00000000000000   0.00000000000000
     662.000000       0.00000000000000   0.00000000000000   0.00000000000000
     664.000000       0.00000000000000  -0.00000000000000   0.00000000000000
     666.000000      -0.00000000000000  -0.00000000000000   0.00000000000000
     668.000000       0.00000000000000   0.00000000000000   0.00000000000000
     670.000000      -0.00000000000000   0.00000000000000   0.00000000000000
     672.000000      -0.00000000000000   0.00000000000000   0.00000000000000
     674.000000      -0.00000000000000   0.00000000000000   0.00000000000000
     676.000000      -0.00000000000000   0.00000000000000   0.00000000000000
     678.000000      -0.00000000000000   0.00000000000000   0.00000000000000
     680.000000      -0.00000000000000   0.00000000000000   0.00000000000000
     682.000000      -0.00000000000000  -0.00000000000000   0.00000000000000
     684.000000      -0.00000000000000   0.00000000000000   0.00000000000000
     686.000000       0.00000000000000   0.00000000000000   0.00000000000000
     688.000000       0.00000000000000   0.00000000000000   0.00000000000000
     690.000000       0.00000000000000   0.00000000000000   0.00000000000000
     692.000000      -0.00000000000000   0.00000000000000   0.00000000000000
     694.000000      -0.00000000000000  -0.00000000000000   0.00000000000000
     696.000000       0.00000000000000  -0.00000000000000   0.00000000000000
     698.000000       0.00000000000000   0.00000000000000   0.00000000000000
     700.000000       0.00000000000000   0.00000000000000   0.00000000000000
     702.000000       0.00000000000000  -0.00000000000000   0.00000000000000
     704.000000      -0.00000000000000  -0.00000000000000   0.00000000000000
     706.000000       0.00000000000000  -0.00000000000000   0.00000000000000
     708.000000       0.00000000000000   0.00000000000000   0.00000000000000
     710.000000       0.00000000000000   0.00000000000000   0.00000000000000
     712.000000       0.00000000000000   0.00000000000000   0.00000000000000
     714.000000       0.00000000000000   0.00000000000000   0.00000000000000
     716.000000       0.00000000000000   0.00000000000000   0.00000000000000
     718.000000      -0.00000000000000   0.00000000000000   0.00000000000000
     720.000000      -0.00000000000000  -0.00000000000000   0.00000000000000
     722.000000       0.00000000000000   0.00000000000000   0.00000000000000
     724.000000       0.00000000000000  -0.00000000000000   0.00000000000000
     726.000000       0.00000000000000  -0.00000000000000   0.00000000000000
     728.000000       0.00000000000000   0.00000000000000   0.00000000000000
     730.000000       0.00000000000000   0.00000000000000   0.00000000000000
     732.000000      -0.00000000000000   0.00000000000000   0.00000000000000
     734.000000      -0.00000000000000  -0.00000000000000   0.00000000000000
     736.000000       0.00000000000000  -0.00000000000000   0.00000000000000
     738.000000       0.00000000000000  -0.00000000000000   0.00000000000000
     740.000000      -0.00000000000000  -0.00000000000000   0.00000000000000
     742.000000       0.00000000000000   0.00000000000000   0.00000000000000
     744.000000      -0.00000000000000  -0.00000000000000   0.00000000000000
     746.000000      -0.00000000000000  -0.00000000000000   0.00000000000000
     748.000000      -0.00000000000000  -0.00000000000000   0.00000000000000
     750.000000      -0.00000000000000  -0.00000000000000   0.00000000000000
     752.000000      -0.00000000000000  -0.00000000000000   0.00000000000000
     754.000000      -0.00000000000000  -0.00000000000000   0.00000000000000
     756.000000       0.00000000000000  -0.00000000000000   0.00000000000000
     758.000000      -0.00000000000000   0.00000000000000   0.00000000000000
     760.000000       0.00000000000000   0.00000000000000   0.00000000000000
     762.000000       0.00000000000000   0.00000000000000   0.00000000000000
     764.000000      -0.00000000000000   0.00000000000000   0.00000000000000
     766.000000      -0.00000000000000   0.00000000000000   0.00000000000000
     768.000000      -0.00000000000000  -0.00000000000000   0.00000000000000
     770.000000       0.00000000000000  -0.00000000000000   0.00000000000000
     772.000000       0.00000000000000   0.00000000000000   0.00000000000000
     774.000000       0.00000000000000   0.00000000000000   0.00000000000000
     776.000000       0.00000000000000  -0.00000000000000   0.00000000000000
     778.000000      -0.00000000000000  -0.00000000000000   0.00000000000000
     780.000000       0.00000000000000  -0.00000000000000   0.00000000000000
     782.000000       0.00000000000000   0.00000000000000   0.00000000000000
     784.000000      -0.00000000000000   0.00000000000000   0.00000000000000
     786.000000       0.00000000000000   0.00000000000000   0.00000000000000
     788.000000       0.00000000000000   0.00000000000000   0.00000000000000
     790.000000       0.00000000000000   0.00000000000000   0.00000000000000
     792.000000      -0.00000000000000   0.00000000000000   0.00000000000000
     794.000000      -0.00000000000000  -0.00000000000000   0.00000000000000
     796.000000       0.00000000000000   0.00000000000000   0.00000000000000
     798.000000       0.00000000000000  -0.00000000000000   0.00000000000000
     800.000000       0.00000000000000  -0.00000000000000   0.00000000000000
     802.000000       0.00000000000000  -0.00000000000000   0.00000000000000
     804.000000       0.00000000000000   0.00000000000000   0.00000000000000
     806.000000      -0.00000000000000   0.00000000000000   0.00000000000000
     808.000000      -0.00000000000000  -0.00000000000000   0.00000000000000
     810.000000       0.00000000000000  -0.00000000000000   0.00000000000000
     812.000000       0.00000000000000  -0.00000000000000   0.00000000000000
     814.000000       0.00000000000000  -0.00000000000000   0.00000000000000
     816.000000      -0.00000000000000   0.00000000000000   0.00000000000000
     818.000000       0.00000000000000  -0.00000000000000   0.00000000000000
     820.000000       0.00000000000000  -0.00000000000000   0.00000000000000
     822.000000       0.00000000000000  -0.00000000000000   0.00000000000000
     824.000000       0.00000000000000  -0.00000000000000   0.00000000000000
     826.000000       0.00000000000000  -0.00000000000000   0.00000000000000
     828.000000       0.00000000000000  -0.00000000000000   0.00000000000000
     830.000000       0.00000000000000   0.00000000000000   0.00000000000000
     832.000000      -0.00000000000000  -0.00000000000000   0.00000000000000
     834.000000       0.00000000000000   0.00000000000000   0.00000000000000
     836.000000       0.00000000000000   0.00000000000000   0.00000000000000
     838.000000       0.00000000000000   0.00000000000000   0.00000000000000
     840.000000       0.00000000000000   0.00000000000000   0.00000000000000
     842.000000      -0.00000000000000   0.00000000000000   0.00000000000000
     844.000000      -0.00000000000000  -0.00000000000000   0.00000000000000
     846.000000      -0.00000000000000  -0.00000000000000   0.00000000000000
     848.000000       0.00000000000000  -0.00000000000000   0.00000000000000
     850.000000      -0.00000000000000  -0.00000000000000   0.00000000000000
     852.000000      -0.00000000000000   0.00000000000000   0.00000000000000
     854.000000       0.00000000000000  -0.00000000000000   0.00000000000000
     856.000000      -0.00000000000000   0.00000000000000   0.00000000000000
     858.000000      -0.00000000000000   0.00000000000000   0.00000000000000
     860.000000      -0.00000000000000   0.00000000000000   0.00000000000000
     862.000000      -0.00000000000000   0.00000000000000   0.00000000000000
     864.000000      -0.00000000000000   0.00000000000000   0.00000000000000
     866.000000      -0.00000000000000  -0.00000000000000   0.00000000000000
     868.000000       0.00000000000000  -0.00000000000000   0.00000000000000
     870.000000      -0.00000000000000   0.00000000000000   0.00000000000000
     872.000000       0.00000000000000  -0.00000000000000   0.00000000000000
     874.000000       0.00000000000000  -0.00000000000000   0.00000000000000
     876.000000       0.00000000000000   0.00000000000000   0.00000000000000
     878.000000      -0.00000000000000   0.00000000000000   0.00000000000000
     880.000000      -0.00000000000000  -0.00000000000000   0.00000000000000
     882.000000       0.00000000000000  -0.00000000000000   0.00000000000000
     884.000000       0.00000000000000   0.00000000000000   0.00000000000000
     886.000000       0.00000000000000   0.00000000000000   0.00000000000000
     888.000000       0.00000000000000  -0.00000000000000   0.00000000000000
     890.000000      -0.00000000000000  -0.00000000000000   0.00000000000000
     892.000000       0.00000000000000  -0.00000000000000   0.00000000000000
     894.000000       0.00000000000000   0.00000000000000   0.00000000000000
     896.000000       0.00000000000000   0.00000000000000   0.00000000000000
     898.000000       0.00000000000000   0.00000000000000   0.00000000000000
     900.000000       0.00000000000000   0.00000000000000   0.00000000000000
     902.000000       0.00000000000000   0.00000000000000   0.00000000000000
     904.000000       0.00000000000000   0.00000000000000   0.00000000000000
     906.000000      -0.00000000000000  -0.00000000000000   0.00000000000000
     908.000000       0.00000000000000   0.00000000000000   0.00000000000000
     910.000000       0.00000000000000  -0.00000000000000   0.00000000000000
     912.000000      -0.00000000000000  -0.00000000000000   0.00000000000000
     914.000000       0.00000000000000  -0.00000000000000   0.00000000000000
     916.000000       0.00000000000000  -0.00000000000000   0.00000000000000
     918.000000       0.00000000000000   0.00000000000000   0.00000000000000
     920.000000      -0.00000000000000   0.00000000000000   0.00000000000000
     922.000000      -0.00000000000000  -0.00000000000000   0.00000000000000
     924.000000      -0.00000000000000  -0.00000000000000   0.00000000000000
     926.000000      -0.00000000000000  -0.00000000000000   0.00000000000000
     928.000000       0.00000000000000   0.00000000000000   0.00000000000000
     930.000000      -0.00000000000000  -0.00000000000000   0.00000000000000
     932.000000      -0.00000000000000  -0.00000000000000   0.00000000000000
     934.000000      -0.00000000000000  -0.00000000000000   0.00000000000000
     936.000000      -0.00000000000000  -0.00000000000000   0.00000000000000
     938.000000      -0.00000000000000  -0.00000000000000   0.00000000000000
     940.000000       0.00000000000000  -0.00000000000000   0.00000000000000
     942.000000       0.00000000000000   0.00000000000000   0.00000000000000
     944.000000      -0.00000000000000   0.00000000000000   0.00000000000000
     946.000000       0.00000000000000   0.00000000000000   0.00000000000000
     948.000000       0.00000000000000   0.00000000000000   0.00000000000000
     950.000000       0.00000000000000   0.00000000000000   0.00000000000000
     952.000000       0.00000000000000   0.00000000000000   0.00000000000000
     954.000000      -0.00000000000000   0.00000000000000   0.00000000000000
     956.000000      -0.00000000000000  -0.00000000000000   0.00000000000000
     958.000000       0.00000000000000  -0.00000000000000   0.00000000000000
     960.000000       0.00000000000000  -0.00000000000000   0.00000000000000
     962.000000      -0.00000000000000  -0.00000000000000   0.00000000000000
     964.000000      -0.00000000000000   0.00000000000000   0.00000000000000
     966.000000       0.00000000000000  -0.00000000000000   0.00000000000000
     968.000000       0.00000000000000   0.00000000000000   0.00000000000000
     970.000000      -0.00000000000000   0.00000000000000   0.00000000000000
     972.000000      -0.00000000000000   0.00000000000000   0.00000000000000
     974.000000       0.00000000000000   0.00000000000000   0.00000000000000
     976.000000       0.00000000000000   0.00000000000000   0.00000000000000
     978.000000      -0.00000000000000   0.00000000000000   0.00000000000000
     980.000000      -0.00000000000000  -0.00000000000000   0.00000000000000
     982.000000       0.00000000000000   0.00000000000000   0.00000000000000
     984.000000       0.00000000000000  -0.00000000000000   0.00000000000000
     986.000000      -0.00000000000000  -0.00000000000000   0.00000000000000
     988.000000       0.00000000000000  -0.00000000000000   0.00000000000000
     990.000000       0.00000000000000   0.00000000000000   0.00000000000000
     992.000000      -0.00000000000000   0.00000000000000   0.00000000000000
     994.000000      -0.00000000000000  -0.00000000000000   0.00000000000000
     996.000000       0.00000000000000  -0.00000000000000   0.00000000000000
     998.000000       0.00000000000000  -0.00000000000000   0.00000000000000
     1000.00000      -0.00000000000000  -0.00000000000000   0.00000000000000
     1002.00000      -0.00000000000000   0.00000000000000   0.00000000000000
     1004.00000       0.00000000000000  -0.00000000000000   0.00000000000000
     1006.00000       0.00000000000000  -0.00000000000000   0.00000000000000
     1008.00000       0.00000000000000   0.00000000000000   0.00000000000000
     1010.00000       0.00000000000000   0.00000000000000   0.00000000000000
     1012.00000       0.00000000000000  -0.00000000000000   0.00000000000000
     1014.00000       0.00000000000000   0.00000000000000   0.00000000000000
     1016.00000       0.00000000000000   0.00000000000000   0.00000000000000
     1018.00000      -0.00000000000000  -0.00000000000000   0.00000000000000
     1020.00000       0.00000000000000   0.00000000000000   0.00000000000000
     1022.00000       0.00000000000000  -0.00000000000000   0.00000000000000
     1024.00000      -0.00000000000000  -0.00000000000000   0.00000000000000
     1026.00000       0.00000000000000  -0.00000000000000   0.00000000000000
     1028.00000       0.00000000000000  -0.00000000000000   0.00000000000000
     1030.00000       0.00000000000000   0.00000000000000   0.00000000000000
     1032.00000      -0.00000000000000   0.00000000000000   0.00000000000000
     1034.00000      -0.00000000000000  -0.00000000000000   0.00000000000000
     1036.00000      -0.00000000000000  -0.00000000000000   0.00000000000000
     1038.00000      -0.00000000000000   0.00000000000000   0.00000000000000
     1040.00000       0.00000000000000  -0.00000000000000   0.00000000000000
     1042.00000      -0.00000000000000   0.00000000000000   0.00000000000000
     1044.00000      -0.00000000000000   0.00000000000000   0.00000000000000
     1046.00000      -0.00000000000000  -0.00000000000000   0.00000000000000
     1048.00000      -0.00000000000000  -0.00000000000000   0.00000000000000
     1050.00000      -0.00000000000000   0.00000000000000   0.00000000000000
     1052.00000      -0.00000000000000  -0.00000000000000   0.00000000000000
     1054.00000       0.00000000000000  -0.00000000000000   0.00000000000000
     1056.00000      -0.00000000000000   0.00000000000000   0.00000000000000
     1058.00000       0.00000000000000  -0.00000000000000   0.00000000000000
     1060.00000       0.00000000000000  -0.00000000000000   0.00000000000000
     1062.00000       0.00000000000000  -0.00000000000000   0.00000000000000
     1064.00000       0.00000000000000   0.00000000000000   0.00000000000000
     1066.00000      -0.00000000000000   0.00000000000000   0.00000000000000
     1068.00000      -0.00000000000000  -0.00000000000000   0.00000000000000
     1070.00000       0.00000000000000  -0.00000000000000   0.00000000000000
     1072.00000       0.00000000000000  -0.00000000000000   0.00000000000000
     1074.00000      -0.00000000000000  -0.00000000000000   0.00000000000000
     1076.00000      -0.00000000000000   0.00000000000000   0.00000000000000
     1078.00000       0.00000000000000  -0.00000000000000   0.00000000000000
     1080.00000       0.00000000000000   0.00000000000000   0.00000000000000
     1082.00000       0.00000000000000   0.00000000000000   0.00000000000000
     1084.00000       0.00000000000000   0.00000000000000   0.00000000000000
     1086.00000       0.00000000000000   0.00000000000000   0.00000000000000
     1088.00000       0.00000000000000   0.00000000000000   0.00000000000000
     1090.00000       0.00000000000000   0.00000000000000   0.00000000000000
     1092.00000      -0.00000000000000   0.00000000000000   0.00000000000000
     1094.00000       0.00000000000000  -0.00000000000000   0.00000000000000
     1096.00000      -0.00000000000000  -0.00000000000000   0.00000000000000
     1098.00000      -0.00000000000000   0.00000000000000   0.00000000000000
     1100.00000      -0.00000000000000  -0.00000000000000   0.00000000000000
     1102.00000       0.00000000000000  -0.00000000000000   0.00000000000000
     1104.00000       0.00000000000000   0.00000000000000   0.00000000000000
     1106.00000      -0.00000000000000   0.00000000000000   0.00000000000000
     1108.00000      -0.00000000000000  -0.00000000000000   0.00000000000000
     1110.00000      -0.00000000000000  -0.00000000000000   0.00000000000000
     1112.00000      -0.00000000000000   0.00000000000000   0.00000000000000
     1114.00000       0.00000000000000   0.00000000000000   0.00000000000000
     1116.00000      -0.00000000000000  -0.00000000000000   0.00000000000000
     1118.00000      -0.00000000000000  -0.00000000000000   0.00000000000000
     1120.00000       0.00000000000000  -0.00000000000000   0.00000000000000
     1122.00000       0.00000000000000  -0.00000000000000   0.00000000000000
     1124.00000       0.00000000000000  -0.00000000000000   0.00000000000000
     1126.00000       0.00000000000000  -0.00000000000000   0.00000000000000
     1128.00000       0.00000000000000   0.00000000000000   0.00000000000000
     1130.00000      -0.00000000000000   0.00000000000000   0.00000000000000
     1132.00000       0.00000000000000   0.00000000000000   0.00000000000000
     1134.00000       0.00000000000000  -0.00000000000000   0.00000000000000
     1136.00000       0.00000000000000  -0.00000000000000   0.00000000000000
     1138.00000       0.00000000000000  -0.00000000000000   0.00000000000000
     1140.00000       0.00000000000000   0.00000000000000   0.00000000000000
     1142.00000      -0.00000000000000   0.00000000000000   0.00000000000000
     1144.00000      -0.00000000000000   0.00000000000000   0.00000000000000
     1146.00000      -0.00000000000000   0.00000000000000   0.00000000000000
     1148.00000      -0.00000000000000   0.00000000000000   0.00000000000000
     1150.00000       0.00000000000000   0.00000000000000   0.00000000000000
     1152.00000      -0.00000000000000  -0.00000000000000   0.00000000000000
     1154.00000       0.00000000000000   0.00000000000000   0.00000000000000
     1156.00000      -0.00000000000000   0.00000000000000   0.00000000000000
     1158.00000      -0.00000000000000   0.00000000000000   0.00000000000000
     1160.00000      -0.00000000000000   0.00000000000000   0.00000000000000
     1162.00000      -0.00000000000000   0.00000000000000   0.00000000000000
     1164.00000      -0.00000000000000   0.00000000000000   0.00000000000000
     1166.00000      -0.00000000000000  -0.00000000000000   0.00000000000000
     1168.00000       0.00000000000000   0.00000000000000   0.00000000000000
     1170.00000      -0.00000000000000  -0.00000000000000   0.00000000000000
     1172.00000      -0.00000000000000  -0.00000000000000   0.00000000000000
     1174.00000      -0.00000000000000  -0.00000000000000   0.00000000000000
     1176.00000       0.00000000000000  -0.00000000000000   0.00000000000000
     1178.00000       0.00000000000000   0.00000000000000   0.00000000000000
     1180.00000      -0.00000000000000   0.00000000000000   0.00000000000000
     1182.00000      -0.00000000000000  -0.00000000000000   0.00000000000000
     1184.00000      -0.00000000000000  -0.00000000000000   0.00000000000000
     1186.00000      -0.00000000000000  -0.00000000000000   0.00000000000000
     1188.00000      -0.00000000000000   0.00000000000000   0.00000000000000
     1190.00000      -0.00000000000000  -0.00000000000000   0.00000000000000
     1192.00000       0.00000000000000  -0.00000000000000   0.00000000000000
     1194.00000       0.00000000000000   0.00000000000000   0.00000000000000
     1196.00000       0.00000000000000   0.00000000000000   0.00000000000000
     1198.00000       0.00000000000000  -0.00000000000000   0.00000000000000
     1200.00000       0.00000000000000  -0.00000000000000   0.00000000000000
