#    Start: ------ Host: "tp-linux1" ----------Thu Mar  2 11:28:52 2017

#    Time[fs]   CPU-time[s]     Delta-CPU    Real time        RealT[s]     [h]
#        0.00           0.1                  Mar  2 11:29:06         0     0.0
         1.00           0.1         0.030    Mar  2 11:29:06         0     0.0
         2.00           0.1         0.020    Mar  2 11:29:07         1     0.0
         3.00           0.1         0.000    Mar  2 11:29:07         1     0.0
         4.00           0.1         0.010    Mar  2 11:29:07         1     0.0
         5.00           0.2         0.070    Mar  2 11:29:14         8     0.0
         6.00           0.2         0.030    Mar  2 11:29:14         8     0.0
         7.00           0.2         0.030    Mar  2 11:29:14         8     0.0
         8.00           0.3         0.060    Mar  2 11:29:22        16     0.0
         9.00           0.3         0.050    Mar  2 11:29:22        16     0.0
        10.00           0.4         0.060    Mar  2 11:29:29        23     0.0
        11.00           0.5         0.050    Mar  2 11:29:29        23     0.0
        12.00           0.5         0.080    Mar  2 11:30:47       101     0.0
        13.00           0.6         0.040    Mar  2 11:30:47       101     0.0
        14.00           0.7         0.090    Mar  2 11:30:56       110     0.0
        15.00           0.7         0.040    Mar  2 11:30:56       110     0.0
        16.00           0.8         0.050    Mar  2 11:30:56       110     0.0
        17.00           0.8         0.050    Mar  2 11:31:04       118     0.0
        18.00           0.8         0.030    Mar  2 11:31:04       118     0.0
        19.00           0.9         0.060    Mar  2 11:31:14       128     0.0
        20.00           0.9         0.030    Mar  2 11:31:14       128     0.0
        21.00           1.0         0.030    Mar  2 11:31:14       128     0.0
        22.00           1.0         0.040    Mar  2 11:32:34       208     0.1
        23.00           1.1         0.050    Mar  2 11:32:34       208     0.1
        24.00           1.1         0.050    Mar  2 11:32:34       208     0.1
        25.00           1.1         0.050    Mar  2 11:32:44       218     0.1
        26.00           1.2         0.060    Mar  2 11:32:44       218     0.1
        27.00           1.3         0.080    Mar  2 11:32:51       225     0.1
        28.00           1.4         0.070    Mar  2 11:32:51       225     0.1
        29.00           1.4         0.070    Mar  2 11:32:58       232     0.1
        30.00           1.5         0.070    Mar  2 11:32:58       232     0.1
        31.00           1.6         0.070    Mar  2 11:32:58       232     0.1
        32.00           1.6         0.080    Mar  2 11:33:06       240     0.1
        33.00           1.7         0.060    Mar  2 11:33:06       240     0.1
        34.00           1.8         0.070    Mar  2 11:33:18       252     0.1
        35.00           1.8         0.060    Mar  2 11:33:18       252     0.1
        36.00           1.9         0.080    Mar  2 11:33:26       260     0.1
        37.00           2.0         0.050    Mar  2 11:33:26       260     0.1
        38.00           2.0         0.030    Mar  2 11:33:26       260     0.1
        39.00           2.1         0.050    Mar  2 11:33:45       279     0.1
        40.00           2.1         0.040    Mar  2 11:33:45       279     0.1
        41.00           2.1         0.040    Mar  2 11:33:45       279     0.1
        42.00           2.2         0.040    Mar  2 11:33:52       286     0.1
        43.00           2.2         0.050    Mar  2 11:33:52       286     0.1
        44.00           2.3         0.070    Mar  2 11:33:59       293     0.1
        45.00           2.4         0.080    Mar  2 11:33:59       293     0.1
        46.00           2.4         0.070    Mar  2 11:34:27       321     0.1
        47.00           2.5         0.090    Mar  2 11:34:27       321     0.1
        48.00           2.6         0.080    Mar  2 11:34:33       327     0.1
        49.00           2.7         0.070    Mar  2 11:34:33       327     0.1
        50.00           2.7         0.060    Mar  2 11:34:40       334     0.1
        51.00           2.8         0.070    Mar  2 11:34:40       334     0.1
        52.00           2.9         0.070    Mar  2 11:34:53       347     0.1
        53.00           2.9         0.040    Mar  2 11:34:53       347     0.1
        54.00           3.0         0.050    Mar  2 11:34:59       353     0.1
        55.00           3.0         0.040    Mar  2 11:34:59       353     0.1
        56.00           3.0         0.040    Mar  2 11:34:59       353     0.1
        57.00           3.1         0.050    Mar  2 11:35:21       375     0.1
        58.00           3.1         0.030    Mar  2 11:35:21       375     0.1
        59.00           3.2         0.030    Mar  2 11:35:21       375     0.1
        60.00           3.2         0.030    Mar  2 11:35:29       383     0.1
        61.00           3.2         0.040    Mar  2 11:35:29       383     0.1
        62.00           3.3         0.050    Mar  2 11:35:29       383     0.1
        63.00           3.3         0.070    Mar  2 11:35:37       391     0.1
        64.00           3.4         0.050    Mar  2 11:35:37       391     0.1
        65.00           3.5         0.070    Mar  2 11:35:45       399     0.1
        66.00           3.5         0.060    Mar  2 11:35:45       399     0.1
        67.00           3.6         0.080    Mar  2 11:35:50       404     0.1
        68.00           3.7         0.050    Mar  2 11:35:50       404     0.1
        69.00           3.7         0.070    Mar  2 11:35:50       404     0.1
        70.00           3.8         0.070    Mar  2 11:35:57       411     0.1
        71.00           3.9         0.060    Mar  2 11:35:57       411     0.1
        72.00           3.9         0.070    Mar  2 11:36:04       418     0.1
        73.00           4.0         0.040    Mar  2 11:36:04       418     0.1
        74.00           4.0         0.070    Mar  2 11:36:11       425     0.1
        75.00           4.1         0.030    Mar  2 11:36:11       425     0.1
        76.00           4.1         0.030    Mar  2 11:36:11       425     0.1
        77.00           4.1         0.030    Mar  2 11:36:11       425     0.1
        78.00           4.2         0.050    Mar  2 11:36:18       432     0.1
        79.00           4.2         0.040    Mar  2 11:36:18       432     0.1
        80.00           4.3         0.040    Mar  2 11:36:48       462     0.1
        81.00           4.3         0.060    Mar  2 11:36:48       462     0.1
        82.00           4.4         0.040    Mar  2 11:36:48       462     0.1
        83.00           4.4         0.070    Mar  2 11:36:54       468     0.1
        84.00           4.5         0.070    Mar  2 11:36:54       468     0.1
        85.00           4.6         0.060    Mar  2 11:37:01       475     0.1
        86.00           4.6         0.060    Mar  2 11:37:01       475     0.1
        87.00           4.7         0.090    Mar  2 11:37:08       482     0.1
        88.00           4.8         0.080    Mar  2 11:37:08       482     0.1
        89.00           4.9         0.070    Mar  2 11:37:15       489     0.1
        90.00           4.9         0.060    Mar  2 11:37:15       489     0.1
        91.00           5.0         0.100    Mar  2 11:37:26       500     0.1
        92.00           5.1         0.040    Mar  2 11:37:26       500     0.1
        93.00           5.1         0.060    Mar  2 11:37:34       508     0.1
        94.00           5.2         0.040    Mar  2 11:37:34       508     0.1
        95.00           5.2         0.030    Mar  2 11:37:34       508     0.1
        96.00           5.2         0.060    Mar  2 11:37:52       526     0.1
        97.00           5.3         0.040    Mar  2 11:37:52       526     0.1
        98.00           5.3         0.030    Mar  2 11:37:52       526     0.1
        99.00           5.4         0.060    Mar  2 11:38:01       535     0.1
       100.00           5.4         0.060    Mar  2 11:38:01       535     0.1
       101.00           5.5         0.050    Mar  2 11:38:01       535     0.1
       102.00           5.6         0.070    Mar  2 11:38:09       543     0.2
       103.00           5.6         0.080    Mar  2 11:38:09       543     0.2
       104.00           5.7         0.070    Mar  2 11:38:16       550     0.2
       105.00           5.8         0.060    Mar  2 11:38:16       550     0.2
       106.00           5.8         0.070    Mar  2 11:38:32       566     0.2
       107.00           5.9         0.070    Mar  2 11:38:32       566     0.2
       108.00           6.0         0.070    Mar  2 11:38:39       573     0.2
       109.00           6.0         0.060    Mar  2 11:38:39       573     0.2
       110.00           6.1         0.060    Mar  2 11:39:13       607     0.2
       111.00           6.2         0.080    Mar  2 11:40:13       667     0.2
       112.00           6.2         0.030    Mar  2 11:40:13       667     0.2
       113.00           6.2         0.040    Mar  2 11:40:14       668     0.2
       114.00           6.3         0.060    Mar  2 11:40:20       674     0.2
       115.00           6.3         0.030    Mar  2 11:40:20       674     0.2
       116.00           6.4         0.030    Mar  2 11:40:20       674     0.2
       117.00           6.4         0.070    Mar  2 11:40:26       680     0.2
       118.00           6.5         0.040    Mar  2 11:40:26       680     0.2
       119.00           6.5         0.070    Mar  2 11:40:32       686     0.2
       120.00           6.6         0.060    Mar  2 11:40:32       686     0.2
       121.00           6.7         0.090    Mar  2 11:40:40       694     0.2
       122.00           6.8         0.070    Mar  2 11:40:40       694     0.2
       123.00           6.9         0.090    Mar  2 11:40:49       703     0.2
       124.00           6.9         0.070    Mar  2 11:40:49       703     0.2
       125.00           7.0         0.070    Mar  2 11:40:58       712     0.2
       126.00           7.1         0.060    Mar  2 11:40:58       712     0.2
       127.00           7.1         0.070    Mar  2 11:41:05       719     0.2
       128.00           7.2         0.060    Mar  2 11:41:05       719     0.2
       129.00           7.2         0.050    Mar  2 11:41:32       746     0.2
       130.00           7.3         0.080    Mar  2 11:41:42       756     0.2
       131.00           7.4         0.040    Mar  2 11:41:42       756     0.2
       132.00           7.4         0.060    Mar  2 11:41:51       765     0.2
       133.00           7.5         0.040    Mar  2 11:41:51       765     0.2
       134.00           7.5         0.040    Mar  2 11:41:51       765     0.2
       135.00           7.5         0.040    Mar  2 11:41:51       765     0.2
       136.00           7.6         0.060    Mar  2 11:41:58       772     0.2
       137.00           7.7         0.050    Mar  2 11:41:58       772     0.2
       138.00           7.7         0.060    Mar  2 11:42:04       778     0.2
       139.00           7.8         0.070    Mar  2 11:42:04       778     0.2
       140.00           7.8         0.070    Mar  2 11:42:11       785     0.2
       141.00           7.9         0.090    Mar  2 11:42:12       786     0.2
       142.00           8.0         0.080    Mar  2 11:42:18       792     0.2
       143.00           8.1         0.060    Mar  2 11:42:18       792     0.2
       144.00           8.1         0.060    Mar  2 11:42:18       792     0.2
       145.00           8.2         0.080    Mar  2 11:42:25       799     0.2
       146.00           8.3         0.050    Mar  2 11:42:25       799     0.2
       147.00           8.3         0.060    Mar  2 11:42:32       806     0.2
       148.00           8.4         0.040    Mar  2 11:42:32       806     0.2
       149.00           8.4         0.040    Mar  2 11:42:32       806     0.2
       150.00           8.5         0.060    Mar  2 11:42:38       812     0.2
       151.00           8.5         0.020    Mar  2 11:42:38       812     0.2
       152.00           8.5         0.030    Mar  2 11:42:38       812     0.2
       153.00           8.6         0.070    Mar  2 11:42:54       828     0.2
       154.00           8.6         0.030    Mar  2 11:42:54       828     0.2
       155.00           8.7         0.040    Mar  2 11:42:54       828     0.2
       156.00           8.9         0.200    Mar  2 11:48:00      1134     0.3
       157.00           8.9         0.050    Mar  2 11:48:00      1134     0.3
       158.00           9.0         0.080    Mar  2 11:48:08      1142     0.3
       159.00           9.1         0.100    Mar  2 11:48:08      1142     0.3
       160.00           9.2         0.080    Mar  2 11:48:16      1150     0.3
       161.00           9.2         0.070    Mar  2 11:48:16      1150     0.3
       162.00           9.3         0.110    Mar  2 11:48:23      1157     0.3
       163.00           9.4         0.060    Mar  2 11:48:23      1157     0.3
       164.00           9.5         0.090    Mar  2 11:48:32      1166     0.3
       165.00           9.6         0.060    Mar  2 11:48:32      1166     0.3
       166.00           9.6         0.060    Mar  2 11:48:49      1183     0.3
       167.00           9.7         0.040    Mar  2 11:48:49      1183     0.3
       168.00           9.7         0.050    Mar  2 11:48:49      1183     0.3
       169.00           9.8         0.090    Mar  2 11:50:27      1281     0.4
       170.00           9.9         0.130    Mar  2 11:53:08      1442     0.4
       171.00          10.0         0.030    Mar  2 11:53:08      1442     0.4
       172.00          10.0         0.030    Mar  2 11:53:08      1442     0.4
       173.00          10.0         0.040    Mar  2 11:53:16      1450     0.4
       174.00          10.1         0.050    Mar  2 11:53:16      1450     0.4
       175.00          10.1         0.050    Mar  2 11:53:16      1450     0.4
       176.00          10.2         0.080    Mar  2 11:53:22      1456     0.4
       177.00          10.3         0.070    Mar  2 11:53:22      1456     0.4
       178.00          10.4         0.090    Mar  2 11:53:29      1463     0.4
       179.00          10.4         0.080    Mar  2 11:53:29      1463     0.4
       180.00          10.5         0.060    Mar  2 11:53:37      1471     0.4
       181.00          10.6         0.070    Mar  2 11:53:37      1471     0.4
       182.00          10.7         0.070    Mar  2 11:53:42      1476     0.4
       183.00          10.7         0.060    Mar  2 11:53:42      1476     0.4
       184.00          10.8         0.060    Mar  2 11:53:48      1482     0.4
       185.00          10.8         0.040    Mar  2 11:53:48      1482     0.4
       186.00          10.9         0.040    Mar  2 11:53:48      1482     0.4
       187.00          10.9         0.060    Mar  2 11:53:54      1488     0.4
       188.00          10.9         0.030    Mar  2 11:53:54      1488     0.4
       189.00          11.0         0.030    Mar  2 11:53:54      1488     0.4
       190.00          11.0         0.040    Mar  2 11:53:54      1488     0.4
       191.00          11.0         0.030    Mar  2 11:53:59      1493     0.4
       192.00          11.1         0.040    Mar  2 11:53:59      1493     0.4
       193.00          11.1         0.060    Mar  2 11:54:04      1498     0.4
       194.00          11.2         0.050    Mar  2 11:54:04      1498     0.4
       195.00          11.2         0.060    Mar  2 11:54:11      1505     0.4
       196.00          11.3         0.070    Mar  2 11:54:11      1505     0.4
       197.00          11.4         0.080    Mar  2 11:54:19      1513     0.4
       198.00          11.5         0.070    Mar  2 11:54:19      1513     0.4
       199.00          11.5         0.080    Mar  2 11:54:26      1520     0.4
       200.00          11.6         0.060    Mar  2 11:54:26      1520     0.4
       201.00          11.7         0.070    Mar  2 11:54:32      1526     0.4
       202.00          11.7         0.060    Mar  2 11:54:32      1526     0.4
       203.00          11.8         0.060    Mar  2 11:54:38      1532     0.4
       204.00          11.8         0.050    Mar  2 11:54:38      1532     0.4
       205.00          11.9         0.030    Mar  2 11:54:38      1532     0.4
       206.00          11.9         0.050    Mar  2 11:54:44      1538     0.4
       207.00          11.9         0.020    Mar  2 11:54:44      1538     0.4
       208.00          12.0         0.030    Mar  2 11:54:44      1538     0.4
       209.00          12.0         0.040    Mar  2 11:54:51      1545     0.4
       210.00          12.1         0.030    Mar  2 11:54:51      1545     0.4
       211.00          12.1         0.040    Mar  2 11:54:51      1545     0.4
       212.00          12.1         0.060    Mar  2 11:54:57      1551     0.4
       213.00          12.2         0.060    Mar  2 11:54:57      1551     0.4
       214.00          12.3         0.090    Mar  2 11:55:03      1557     0.4
       215.00          12.4         0.060    Mar  2 11:55:03      1557     0.4
       216.00          12.4         0.070    Mar  2 11:55:03      1557     0.4
       217.00          12.5         0.080    Mar  2 11:55:09      1563     0.4
       218.00          12.6         0.070    Mar  2 11:55:09      1563     0.4
       219.00          12.7         0.080    Mar  2 11:55:15      1569     0.4
       220.00          12.7         0.060    Mar  2 11:55:15      1569     0.4
       221.00          12.8         0.060    Mar  2 11:55:22      1576     0.4
       222.00          12.8         0.050    Mar  2 11:55:22      1576     0.4
       223.00          12.9         0.070    Mar  2 11:55:28      1582     0.4
       224.00          12.9         0.030    Mar  2 11:55:28      1582     0.4
       225.00          13.0         0.040    Mar  2 11:55:28      1582     0.4
       226.00          13.0         0.030    Mar  2 11:55:28      1582     0.4
       227.00          13.1         0.050    Mar  2 11:55:34      1588     0.4
       228.00          13.1         0.040    Mar  2 11:55:34      1588     0.4
       229.00          13.1         0.040    Mar  2 11:55:34      1588     0.4
       230.00          13.2         0.060    Mar  2 11:55:40      1594     0.4
       231.00          13.2         0.060    Mar  2 11:55:41      1595     0.4
       232.00          13.3         0.060    Mar  2 11:55:49      1603     0.4
       233.00          13.4         0.070    Mar  2 11:55:49      1603     0.4
       234.00          13.5         0.110    Mar  2 11:55:54      1608     0.4
       235.00          13.6         0.070    Mar  2 11:55:54      1608     0.4
       236.00          13.6         0.080    Mar  2 11:56:00      1614     0.4
       237.00          13.7         0.080    Mar  2 11:56:00      1614     0.4
       238.00          13.8         0.060    Mar  2 11:56:05      1619     0.4
       239.00          13.8         0.060    Mar  2 11:56:05      1619     0.4
       240.00          13.9         0.080    Mar  2 11:56:10      1624     0.5
       241.00          14.0         0.050    Mar  2 11:56:10      1624     0.5
       242.00          14.0         0.070    Mar  2 11:56:16      1630     0.5
       243.00          14.1         0.040    Mar  2 11:56:16      1630     0.5
       244.00          14.1         0.030    Mar  2 11:56:17      1631     0.5
       245.00          14.2         0.040    Mar  2 11:56:22      1636     0.5
       246.00          14.2         0.030    Mar  2 11:56:23      1637     0.5
       247.00          14.2         0.040    Mar  2 11:56:23      1637     0.5
       248.00          14.3         0.050    Mar  2 11:56:28      1642     0.5
       249.00          14.3         0.050    Mar  2 11:56:29      1643     0.5
       250.00          14.4         0.050    Mar  2 11:56:29      1643     0.5
       251.00          14.5         0.090    Mar  2 11:56:34      1648     0.5
       252.00          14.5         0.070    Mar  2 11:56:34      1648     0.5
       253.00          14.6         0.090    Mar  2 11:56:39      1653     0.5
       254.00          14.7         0.080    Mar  2 11:56:39      1653     0.5
       255.00          14.8         0.090    Mar  2 11:56:44      1658     0.5
       256.00          14.8         0.060    Mar  2 11:56:44      1658     0.5
       257.00          14.9         0.100    Mar  2 11:56:50      1664     0.5
       258.00          15.0         0.070    Mar  2 11:56:50      1664     0.5
       259.00          15.1         0.060    Mar  2 11:56:50      1664     0.5
       260.00          15.2         0.070    Mar  2 11:56:56      1670     0.5
       261.00          15.2         0.030    Mar  2 11:56:56      1670     0.5
       262.00          15.2         0.040    Mar  2 11:56:56      1670     0.5
       263.00          15.3         0.040    Mar  2 11:57:03      1677     0.5
       264.00          15.3         0.040    Mar  2 11:57:03      1677     0.5
       265.00          15.3         0.030    Mar  2 11:57:03      1677     0.5
       266.00          15.4         0.060    Mar  2 11:57:09      1683     0.5
       267.00          15.4         0.040    Mar  2 11:57:09      1683     0.5
       268.00          15.5         0.070    Mar  2 11:57:14      1688     0.5
       269.00          15.6         0.060    Mar  2 11:57:14      1688     0.5
       270.00          15.6         0.080    Mar  2 11:57:20      1694     0.5
       271.00          15.7         0.070    Mar  2 11:57:20      1694     0.5
       272.00          15.8         0.090    Mar  2 11:57:27      1701     0.5
       273.00          15.9         0.070    Mar  2 11:57:28      1702     0.5
       274.00          16.0         0.090    Mar  2 11:57:34      1708     0.5
       275.00          16.0         0.070    Mar  2 11:57:34      1708     0.5
       276.00          16.1         0.090    Mar  2 11:57:41      1715     0.5
       277.00          16.2         0.070    Mar  2 11:57:41      1715     0.5
       278.00          16.2         0.060    Mar  2 11:57:41      1715     0.5
       279.00          16.3         0.070    Mar  2 11:57:49      1723     0.5
       280.00          16.4         0.030    Mar  2 11:57:49      1723     0.5
       281.00          16.4         0.030    Mar  2 11:57:49      1723     0.5
       282.00          16.5         0.080    Mar  2 11:57:55      1729     0.5
       283.00          16.5         0.040    Mar  2 11:57:55      1729     0.5
       284.00          16.5         0.040    Mar  2 11:57:55      1729     0.5
       285.00          16.6         0.060    Mar  2 11:58:00      1734     0.5
       286.00          16.7         0.070    Mar  2 11:58:01      1735     0.5
       287.00          16.8         0.090    Mar  2 11:58:08      1742     0.5
       288.00          16.8         0.060    Mar  2 11:58:08      1742     0.5
       289.00          16.9         0.070    Mar  2 11:58:08      1742     0.5
       290.00          17.0         0.080    Mar  2 11:58:16      1750     0.5
       291.00          17.0         0.070    Mar  2 11:58:16      1750     0.5
       292.00          17.1         0.080    Mar  2 11:58:23      1757     0.5
       293.00          17.2         0.080    Mar  2 11:58:23      1757     0.5
       294.00          17.3         0.100    Mar  2 11:58:29      1763     0.5
       295.00          17.3         0.040    Mar  2 11:58:29      1763     0.5
       296.00          17.4         0.100    Mar  2 11:58:35      1769     0.5
       297.00          17.5         0.050    Mar  2 11:58:35      1769     0.5
       298.00          17.5         0.030    Mar  2 11:58:35      1769     0.5
       299.00          17.6         0.080    Mar  2 11:58:41      1775     0.5
       300.00          17.6         0.030    Mar  2 11:58:41      1775     0.5
       301.00          17.7         0.030    Mar  2 11:58:41      1775     0.5
       302.00          17.7         0.030    Mar  2 11:58:46      1780     0.5
       303.00          17.7         0.040    Mar  2 11:58:46      1780     0.5
       304.00          17.8         0.040    Mar  2 11:58:46      1780     0.5
       305.00          17.8         0.060    Mar  2 11:58:52      1786     0.5
       306.00          17.9         0.060    Mar  2 11:58:52      1786     0.5
       307.00          18.0         0.070    Mar  2 11:58:58      1792     0.5
       308.00          18.0         0.070    Mar  2 11:58:58      1792     0.5
       309.00          18.1         0.080    Mar  2 11:59:05      1799     0.5
       310.00          18.2         0.080    Mar  2 11:59:06      1800     0.5
       311.00          18.3         0.110    Mar  2 11:59:12      1806     0.5
       312.00          18.4         0.070    Mar  2 11:59:12      1806     0.5
       313.00          18.5         0.090    Mar  2 11:59:25      1819     0.5
       314.00          18.5         0.050    Mar  2 11:59:25      1819     0.5
       315.00          18.6         0.080    Mar  2 11:59:40      1834     0.5
       316.00          18.6         0.040    Mar  2 11:59:40      1834     0.5
       317.00          18.7         0.040    Mar  2 11:59:40      1834     0.5
       318.00          18.7         0.060    Mar  2 11:59:55      1849     0.5
       319.00          18.8         0.030    Mar  2 11:59:55      1849     0.5
       320.00          18.8         0.030    Mar  2 11:59:55      1849     0.5
       321.00          18.8         0.050    Mar  2 12:00:01      1855     0.5
       322.00          18.9         0.040    Mar  2 12:00:01      1855     0.5
       323.00          18.9         0.050    Mar  2 12:00:01      1855     0.5
       324.00          19.0         0.070    Mar  2 12:00:11      1865     0.5
       325.00          19.1         0.060    Mar  2 12:00:11      1865     0.5
       326.00          19.1         0.090    Mar  2 12:00:21      1875     0.5
       327.00          19.2         0.070    Mar  2 12:00:21      1875     0.5
       328.00          19.3         0.090    Mar  2 12:00:30      1884     0.5
       329.00          19.4         0.060    Mar  2 12:00:30      1884     0.5
       330.00          19.4         0.080    Mar  2 12:00:37      1891     0.5
       331.00          19.5         0.070    Mar  2 12:00:37      1891     0.5
       332.00          19.6         0.060    Mar  2 12:00:37      1891     0.5
       333.00          19.7         0.080    Mar  2 12:01:03      1917     0.5
       334.00          19.7         0.040    Mar  2 12:01:03      1917     0.5
       335.00          19.8         0.090    Mar  2 12:01:09      1923     0.5
       336.00          19.8         0.040    Mar  2 12:01:09      1923     0.5
       337.00          19.9         0.030    Mar  2 12:01:09      1923     0.5
       338.00          19.9         0.040    Mar  2 12:01:18      1932     0.5
       339.00          19.9         0.040    Mar  2 12:01:18      1932     0.5
       340.00          20.0         0.050    Mar  2 12:01:18      1932     0.5
       341.00          20.0         0.050    Mar  2 12:01:31      1945     0.5
       342.00          20.1         0.050    Mar  2 12:01:31      1945     0.5
       343.00          20.1         0.050    Mar  2 12:01:31      1945     0.5
       344.00          20.3         0.130    Mar  2 12:01:40      1954     0.5
       345.00          20.4         0.090    Mar  2 12:01:40      1954     0.5
       346.00          20.4         0.080    Mar  2 12:01:50      1964     0.5
       347.00          20.5         0.080    Mar  2 12:01:50      1964     0.5
       348.00          20.6         0.080    Mar  2 12:02:04      1978     0.5
       349.00          20.7         0.080    Mar  2 12:02:04      1978     0.5
       350.00          20.8         0.070    Mar  2 12:02:14      1988     0.6
       351.00          20.8         0.070    Mar  2 12:02:14      1988     0.6
       352.00          20.9         0.080    Mar  2 12:02:45      2019     0.6
       353.00          20.9         0.050    Mar  2 12:02:45      2019     0.6
       354.00          21.0         0.050    Mar  2 12:02:54      2028     0.6
       355.00          21.0         0.040    Mar  2 12:02:54      2028     0.6
       356.00          21.1         0.040    Mar  2 12:02:54      2028     0.6
       357.00          21.1         0.050    Mar  2 12:03:15      2049     0.6
       358.00          21.2         0.030    Mar  2 12:03:15      2049     0.6
       359.00          21.2         0.040    Mar  2 12:03:15      2049     0.6
       360.00          21.3         0.060    Mar  2 12:04:27      2121     0.6
       361.00          21.3         0.050    Mar  2 12:04:27      2121     0.6
       362.00          21.4         0.060    Mar  2 12:04:27      2121     0.6
       363.00          21.5         0.080    Mar  2 12:04:36      2130     0.6
       364.00          21.5         0.080    Mar  2 12:04:36      2130     0.6
       365.00          21.6         0.090    Mar  2 12:04:53      2147     0.6
       366.00          21.7         0.070    Mar  2 12:04:53      2147     0.6
       367.00          21.8         0.080    Mar  2 12:05:01      2155     0.6
       368.00          21.8         0.070    Mar  2 12:05:01      2155     0.6
       369.00          21.9         0.090    Mar  2 12:05:15      2169     0.6
       370.00          22.0         0.070    Mar  2 12:05:15      2169     0.6
       371.00          22.0         0.050    Mar  2 12:05:15      2169     0.6
       372.00          22.1         0.080    Mar  2 12:05:24      2178     0.6
       373.00          22.2         0.040    Mar  2 12:05:24      2178     0.6
       374.00          22.2         0.030    Mar  2 12:05:24      2178     0.6
       375.00          22.3         0.070    Mar  2 12:05:32      2186     0.6
       376.00          22.3         0.040    Mar  2 12:05:32      2186     0.6
       377.00          22.4         0.050    Mar  2 12:05:32      2186     0.6
       378.00          22.4         0.040    Mar  2 12:05:39      2193     0.6
       379.00          22.4         0.050    Mar  2 12:05:39      2193     0.6
       380.00          22.5         0.080    Mar  2 12:05:45      2199     0.6
       381.00          22.6         0.060    Mar  2 12:05:45      2199     0.6
       382.00          22.7         0.080    Mar  2 12:05:53      2207     0.6
       383.00          22.8         0.080    Mar  2 12:05:53      2207     0.6
       384.00          22.9         0.120    Mar  2 12:06:41      2255     0.6
       385.00          23.0         0.100    Mar  2 12:06:41      2255     0.6
       386.00          23.1         0.100    Mar  2 12:06:50      2264     0.6
       387.00          23.1         0.060    Mar  2 12:06:50      2264     0.6
       388.00          23.2         0.090    Mar  2 12:06:58      2272     0.6
       389.00          23.3         0.060    Mar  2 12:06:58      2272     0.6
       390.00          23.3         0.050    Mar  2 12:06:58      2272     0.6
       391.00          23.4         0.070    Mar  2 12:07:08      2282     0.6
       392.00          23.4         0.030    Mar  2 12:07:08      2282     0.6
       393.00          23.5         0.040    Mar  2 12:07:08      2282     0.6
       394.00          23.5         0.070    Mar  2 12:07:28      2302     0.6
       395.00          23.6         0.040    Mar  2 12:07:28      2302     0.6
       396.00          23.6         0.040    Mar  2 12:07:28      2302     0.6
       397.00          23.7         0.060    Mar  2 12:07:40      2314     0.6
       398.00          23.7         0.050    Mar  2 12:07:40      2314     0.6
       399.00          23.8         0.070    Mar  2 12:07:40      2314     0.6
       400.00          23.9         0.100    Mar  2 12:08:01      2335     0.6
       401.00          24.0         0.070    Mar  2 12:08:01      2335     0.6
       402.00          24.0         0.080    Mar  2 12:08:09      2343     0.7
       403.00          24.1         0.080    Mar  2 12:08:09      2343     0.7
       404.00          24.2         0.090    Mar  2 12:08:16      2350     0.7
       405.00          24.3         0.080    Mar  2 12:08:16      2350     0.7
       406.00          24.4         0.080    Mar  2 12:08:23      2357     0.7
       407.00          24.4         0.070    Mar  2 12:08:23      2357     0.7
       408.00          24.5         0.080    Mar  2 12:08:37      2371     0.7
       409.00          24.6         0.050    Mar  2 12:08:37      2371     0.7
       410.00          24.6         0.040    Mar  2 12:08:37      2371     0.7
       411.00          24.7         0.070    Mar  2 12:08:51      2385     0.7
       412.00          24.7         0.030    Mar  2 12:08:51      2385     0.7
       413.00          24.8         0.030    Mar  2 12:08:51      2385     0.7
       414.00          24.8         0.070    Mar  2 12:09:02      2396     0.7
       415.00          24.9         0.070    Mar  2 12:09:02      2396     0.7
       416.00          24.9         0.060    Mar  2 12:09:02      2396     0.7
       417.00          25.0         0.070    Mar  2 12:09:14      2408     0.7
       418.00          25.1         0.060    Mar  2 12:09:14      2408     0.7
       419.00          25.2         0.110    Mar  2 12:09:20      2414     0.7
       420.00          25.3         0.070    Mar  2 12:09:20      2414     0.7
       421.00          25.4         0.110    Mar  2 12:10:54      2508     0.7
       422.00          25.5         0.100    Mar  2 12:10:54      2508     0.7
       423.00          25.6         0.110    Mar  2 12:11:46      2560     0.7
       424.00          25.7         0.090    Mar  2 12:11:46      2560     0.7
       425.00          25.8         0.080    Mar  2 12:11:51      2565     0.7
       426.00          25.8         0.070    Mar  2 12:11:51      2565     0.7
       427.00          25.9         0.100    Mar  2 12:12:00      2574     0.7
       428.00          26.0         0.070    Mar  2 12:12:00      2574     0.7
       429.00          26.0         0.050    Mar  2 12:12:00      2574     0.7
       430.00          26.1         0.090    Mar  2 12:12:17      2591     0.7
       431.00          26.2         0.050    Mar  2 12:12:17      2591     0.7
       432.00          26.2         0.040    Mar  2 12:12:17      2591     0.7
       433.00          26.3         0.040    Mar  2 12:12:23      2597     0.7
       434.00          26.3         0.080    Mar  2 12:12:23      2597     0.7
       435.00          26.4         0.050    Mar  2 12:12:23      2597     0.7
       436.00          26.5         0.070    Mar  2 12:12:33      2607     0.7
       437.00          26.5         0.070    Mar  2 12:12:33      2607     0.7
       438.00          26.6         0.080    Mar  2 12:12:38      2612     0.7
       439.00          26.7         0.080    Mar  2 12:12:38      2612     0.7
       440.00          26.8         0.090    Mar  2 12:12:44      2618     0.7
       441.00          26.9         0.120    Mar  2 12:12:44      2618     0.7
       442.00          27.0         0.080    Mar  2 12:12:44      2618     0.7
       443.00          27.1         0.120    Mar  2 12:13:00      2634     0.7
       444.00          27.2         0.080    Mar  2 12:13:00      2634     0.7
       445.00          27.3         0.100    Mar  2 12:13:07      2641     0.7
       446.00          27.3         0.050    Mar  2 12:13:07      2641     0.7
       447.00          27.4         0.050    Mar  2 12:13:07      2641     0.7
       448.00          27.4         0.070    Mar  2 12:13:12      2646     0.7
       449.00          27.5         0.030    Mar  2 12:13:12      2646     0.7
       450.00          27.5         0.040    Mar  2 12:13:12      2646     0.7
       451.00          27.6         0.060    Mar  2 12:13:20      2654     0.7
       452.00          27.6         0.040    Mar  2 12:13:20      2654     0.7
       453.00          27.7         0.060    Mar  2 12:13:20      2654     0.7
       454.00          27.8         0.100    Mar  2 12:13:28      2662     0.7
       455.00          27.8         0.050    Mar  2 12:13:28      2662     0.7
       456.00          27.9         0.100    Mar  2 12:13:33      2667     0.7
       457.00          28.0         0.070    Mar  2 12:13:33      2667     0.7
       458.00          28.1         0.120    Mar  2 12:13:40      2674     0.7
       459.00          28.2         0.110    Mar  2 12:13:40      2674     0.7
       460.00          28.3         0.080    Mar  2 12:13:44      2678     0.7
       461.00          28.4         0.070    Mar  2 12:13:44      2678     0.7
       462.00          28.5         0.090    Mar  2 12:13:49      2683     0.7
       463.00          28.6         0.080    Mar  2 12:13:49      2683     0.7
       464.00          28.6         0.100    Mar  2 12:14:00      2694     0.7
       465.00          28.7         0.060    Mar  2 12:14:00      2694     0.7
       466.00          28.8         0.040    Mar  2 12:14:00      2694     0.7
       467.00          28.9         0.100    Mar  2 12:14:07      2701     0.8
       468.00          28.9         0.030    Mar  2 12:14:07      2701     0.8
       469.00          28.9         0.050    Mar  2 12:14:07      2701     0.8
       470.00          29.0         0.080    Mar  2 12:14:18      2712     0.8
       471.00          29.1         0.050    Mar  2 12:14:18      2712     0.8
       472.00          29.1         0.060    Mar  2 12:14:18      2712     0.8
       473.00          29.2         0.090    Mar  2 12:14:35      2729     0.8
       474.00          29.3         0.070    Mar  2 12:14:35      2729     0.8
       475.00          29.4         0.120    Mar  2 12:14:42      2736     0.8
       476.00          29.5         0.080    Mar  2 12:14:42      2736     0.8
       477.00          29.6         0.110    Mar  2 12:14:46      2740     0.8
       478.00          29.7         0.100    Mar  2 12:14:46      2740     0.8
       479.00          29.8         0.090    Mar  2 12:14:54      2748     0.8
       480.00          29.9         0.070    Mar  2 12:14:54      2748     0.8
       481.00          29.9         0.060    Mar  2 12:14:54      2748     0.8
       482.00          30.0         0.090    Mar  2 12:14:58      2752     0.8
       483.00          30.1         0.050    Mar  2 12:14:58      2752     0.8
       484.00          30.1         0.070    Mar  2 12:15:10      2764     0.8
       485.00          30.2         0.040    Mar  2 12:15:10      2764     0.8
       486.00          30.2         0.040    Mar  2 12:15:10      2764     0.8
       487.00          30.2         0.050    Mar  2 12:15:16      2770     0.8
       488.00          30.3         0.050    Mar  2 12:15:16      2770     0.8
       489.00          30.4         0.050    Mar  2 12:15:16      2770     0.8
       490.00          30.4         0.060    Mar  2 12:15:23      2777     0.8
       491.00          30.5         0.050    Mar  2 12:15:23      2777     0.8
       492.00          30.5         0.070    Mar  2 12:15:23      2777     0.8
       493.00          30.6         0.110    Mar  2 12:15:28      2782     0.8
       494.00          30.7         0.080    Mar  2 12:15:28      2782     0.8
       495.00          30.9         0.150    Mar  2 12:15:32      2786     0.8
       496.00          31.0         0.110    Mar  2 12:15:33      2787     0.8
       497.00          31.1         0.120    Mar  2 12:15:39      2793     0.8
       498.00          31.2         0.080    Mar  2 12:15:44      2798     0.8
       499.00          31.3         0.140    Mar  2 12:15:44      2798     0.8
       500.00          31.4         0.090    Mar  2 12:15:44      2798     0.8
       501.00          31.5         0.110    Mar  2 12:26:18      3432     1.0
       502.00          31.6         0.040    Mar  2 12:26:18      3432     1.0
       503.00          31.6         0.070    Mar  2 12:30:41      3695     1.0
       504.00          31.7         0.040    Mar  2 12:30:41      3695     1.0
       505.00          31.7         0.040    Mar  2 12:30:41      3695     1.0
       506.00          31.8         0.040    Mar  2 12:30:48      3702     1.0
       507.00          31.8         0.040    Mar  2 12:30:48      3702     1.0
       508.00          31.8         0.050    Mar  2 12:30:48      3702     1.0
       509.00          31.9         0.090    Mar  2 12:30:59      3713     1.0
       510.00          32.0         0.060    Mar  2 12:30:59      3713     1.0
       511.00          32.1         0.070    Mar  2 12:30:59      3713     1.0
       512.00          32.1         0.090    Mar  2 12:31:15      3729     1.0
       513.00          32.2         0.080    Mar  2 12:31:15      3729     1.0
       514.00          32.4         0.120    Mar  2 12:31:21      3735     1.0
       515.00          32.4         0.080    Mar  2 12:31:21      3735     1.0
       516.00          32.5         0.090    Mar  2 12:31:26      3740     1.0
       517.00          32.6         0.080    Mar  2 12:31:27      3741     1.0
       518.00          32.7         0.090    Mar  2 12:31:44      3758     1.0
       519.00          32.8         0.080    Mar  2 12:31:44      3758     1.0
       520.00          32.8         0.060    Mar  2 12:31:44      3758     1.0
       521.00          32.9         0.080    Mar  2 12:31:49      3763     1.0
       522.00          32.9         0.040    Mar  2 12:31:49      3763     1.0
       523.00          33.0         0.040    Mar  2 12:31:50      3764     1.0
       524.00          33.1         0.070    Mar  2 12:32:03      3777     1.0
       525.00          33.1         0.040    Mar  2 12:32:03      3777     1.0
       526.00          33.1         0.040    Mar  2 12:32:03      3777     1.0
       527.00          33.2         0.080    Mar  2 12:32:13      3787     1.1
       528.00          33.3         0.060    Mar  2 12:32:13      3787     1.1
       529.00          33.4         0.110    Mar  2 12:32:41      3815     1.1
       530.00          33.5         0.110    Mar  2 12:32:41      3815     1.1
       531.00          33.6         0.120    Mar  2 12:32:53      3827     1.1
       532.00          33.7         0.080    Mar  2 12:32:53      3827     1.1
       533.00          33.8         0.120    Mar  2 12:33:04      3838     1.1
       534.00          33.9         0.110    Mar  2 12:33:04      3838     1.1
       535.00          34.0         0.100    Mar  2 12:33:11      3845     1.1
       536.00          34.1         0.080    Mar  2 12:33:11      3845     1.1
       537.00          34.2         0.100    Mar  2 12:33:20      3854     1.1
       538.00          34.3         0.060    Mar  2 12:33:21      3855     1.1
       539.00          34.3         0.060    Mar  2 12:33:21      3855     1.1
       540.00          34.4         0.080    Mar  2 12:33:27      3861     1.1
       541.00          34.5         0.040    Mar  2 12:33:27      3861     1.1
       542.00          34.5         0.030    Mar  2 12:33:27      3861     1.1
       543.00          34.6         0.080    Mar  2 12:33:42      3876     1.1
       544.00          34.6         0.040    Mar  2 12:33:42      3876     1.1
       545.00          34.6         0.040    Mar  2 12:33:42      3876     1.1
       546.00          34.7         0.060    Mar  2 12:33:53      3887     1.1
       547.00          34.8         0.070    Mar  2 12:33:53      3887     1.1
       548.00          34.8         0.080    Mar  2 12:33:58      3892     1.1
       549.00          34.9         0.080    Mar  2 12:33:58      3892     1.1
       550.00          35.0         0.090    Mar  2 12:33:58      3892     1.1
       551.00          35.1         0.100    Mar  2 12:34:09      3903     1.1
       552.00          35.2         0.080    Mar  2 12:34:09      3903     1.1
       553.00          35.3         0.130    Mar  2 12:34:40      3934     1.1
       554.00          35.4         0.090    Mar  2 12:34:40      3934     1.1
       555.00          35.5         0.100    Mar  2 12:34:58      3952     1.1
       556.00          35.6         0.070    Mar  2 12:34:58      3952     1.1
       557.00          35.7         0.100    Mar  2 12:35:09      3963     1.1
       558.00          35.8         0.060    Mar  2 12:35:09      3963     1.1
       559.00          35.8         0.050    Mar  2 12:35:09      3963     1.1
       560.00          35.9         0.060    Mar  2 12:35:21      3975     1.1
       561.00          35.9         0.040    Mar  2 12:35:21      3975     1.1
       562.00          35.9         0.050    Mar  2 12:35:21      3975     1.1
       563.00          36.0         0.070    Mar  2 12:35:29      3983     1.1
       564.00          36.1         0.050    Mar  2 12:35:29      3983     1.1
       565.00          36.1         0.060    Mar  2 12:35:29      3983     1.1
       566.00          36.2         0.110    Mar  2 12:35:46      4000     1.1
       567.00          36.3         0.080    Mar  2 12:35:46      4000     1.1
       568.00          36.4         0.100    Mar  2 12:35:52      4006     1.1
       569.00          36.5         0.080    Mar  2 12:35:52      4006     1.1
       570.00          36.6         0.110    Mar  2 12:35:57      4011     1.1
       571.00          36.7         0.090    Mar  2 12:35:57      4011     1.1
       572.00          36.8         0.110    Mar  2 12:36:06      4020     1.1
       573.00          36.9         0.080    Mar  2 12:36:06      4020     1.1
       574.00          37.0         0.090    Mar  2 12:36:12      4026     1.1
       575.00          37.0         0.070    Mar  2 12:36:12      4026     1.1
       576.00          37.1         0.080    Mar  2 12:36:28      4042     1.1
       577.00          37.2         0.050    Mar  2 12:36:28      4042     1.1
       578.00          37.2         0.060    Mar  2 12:36:28      4042     1.1
       579.00          37.3         0.110    Mar  2 12:48:06      4740     1.3
       580.00          37.4         0.040    Mar  2 12:48:06      4740     1.3
       581.00          37.4         0.050    Mar  2 12:48:06      4740     1.3
       582.00          37.5         0.070    Mar  2 12:59:04      5398     1.5
       583.00          37.6         0.070    Mar  2 12:59:04      5398     1.5
       584.00          37.7         0.070    Mar  2 12:59:04      5398     1.5
       585.00          37.8         0.100    Mar  2 12:59:19      5413     1.5
       586.00          37.9         0.100    Mar  2 12:59:19      5413     1.5
       587.00          38.0         0.100    Mar  2 12:59:40      5434     1.5
       588.00          38.1         0.120    Mar  2 12:59:41      5435     1.5
       589.00          38.2         0.090    Mar  2 12:59:41      5435     1.5
       590.00          38.3         0.150    Mar  2 13:00:12      5466     1.5
       591.00          38.4         0.120    Mar  2 13:00:12      5466     1.5
       592.00          38.6         0.130    Mar  2 13:00:18      5472     1.5
       593.00          38.6         0.090    Mar  2 13:00:18      5472     1.5
       594.00          38.8         0.100    Mar  2 13:00:38      5492     1.5
       595.00          38.8         0.050    Mar  2 13:00:38      5492     1.5
       596.00          38.9         0.060    Mar  2 13:00:38      5492     1.5
       597.00          38.9         0.050    Mar  2 13:01:54      5568     1.5
       598.00          38.9         0.030    Mar  2 13:01:54      5568     1.5
       599.00          39.0         0.030    Mar  2 13:01:54      5568     1.5
       600.00          39.0         0.040    Mar  2 13:01:59      5573     1.5
