 ------ Host: "tp-linux1" ----------Thu Mar  2 11:28:52 2017
            
 /home/thomas/cf4/DD-vMCG/cf4
 ---------------------------------------------------------------------------
  
 Subroutine       Calls N      cpu/N          cpu     %cpu        Clock
 PropWF                 1    38.8760         38.876    99.6       5586.927
 Funkr              60752     0.0006         37.684    96.6       5585.745
 RK5                  600     0.0634         38.044    97.5       5536.243
 Gh_elements        60752     0.0005         29.728    76.2         29.939
 Gh_elems: sum     972032     0.0000         16.040    41.1         16.215
 Gh_elems: LHA      60752     0.0002         10.480    26.9         10.566
 DBread             60752     0.0002          9.312    23.9          9.306
 Gwp_Gdot           60752     0.0001          3.408     8.7          3.230
 subgdot1           60752     0.0001          3.216     8.2          3.058
 Gh_elems: kinet   911280     0.0000          1.164     3.0          1.158
 GWP overlap        60753     0.0000          0.952     2.4          0.853
 Gwp_Ymat           60752     0.0000          0.520     1.3          0.490
 Output               601     0.0006          0.332     0.9          0.292
 Gwp_projector     131076     0.0000          0.288     0.7          0.320
 GWP ODE Test        9571     0.0000          0.236     0.6          0.158
 GWP orthonorm     131076     0.0000          0.104     0.3          0.106
 Setgwpdyn1ms        9572     0.0000          0.144     0.4          0.076
 Density            60753     0.0000          0.048     0.1          0.079
 HPhi               60752     0.0000          0.056     0.1          0.054
 Dicht1Phi          60752     0.0000          0.036     0.1          0.047
 Hlochphi           60752     0.0000          0.040     0.1          0.039
 PhiHunPhi          60752     0.0000          0.040     0.1          0.044
 Mfields            60752     0.0000          0.036     0.1          0.050
 PhiHPhi            60752     0.0000          0.048     0.1          0.052
 Project            60752     0.0000          0.052     0.1          0.051
 HunPhi             60752     0.0000          0.044     0.1          0.041
 AddHunPhi          60752     0.0000          0.072     0.2          0.046
 GenOPER                1     0.0320          0.032     0.1          0.128
 Init_WF                1     0.0080          0.008     0.0          0.018
 GenDVR                 1     0.0040          0.004     0.0          0.016
 CalcOPs                1     0.0040          0.004     0.0          0.008
 GWPlindep1ms        9572   -18.2418    -174610.720 *******          0.000

Total (cpu,wall)       39.020     5587.085   (     1h : 33m :   7s)


 ---------------------------------------------------------------------------
 ------ Host: "tp-linux1" ----------Thu Mar  2 13:01:59 2017
            
