#    Start: ------ Host: "tp-linux1" ----------Fri Mar  3 11:53:59 2017

#    Time[fs]   CPU-time[s]     Delta-CPU    Real time        RealT[s]     [h]
#        0.00           0.3                  Mar  3 11:54:00         0     0.0
         1.00          35.7        35.420    Mar  3 11:54:35        35     0.0
         2.00          71.4        35.670    Mar  3 11:55:11        71     0.0
         3.00          92.4        21.020    Mar  3 11:55:32        92     0.0
         4.00         105.3        12.910    Mar  3 11:55:45       105     0.0
         5.00         118.2        12.900    Mar  3 11:55:57       117     0.0
         6.00         132.4        14.160    Mar  3 11:56:12       132     0.0
         7.00         158.2        25.870    Mar  3 11:59:45       345     0.1
         8.00         190.3        32.030    Mar  3 12:00:17       377     0.1
         9.00         210.7        20.390    Mar  3 12:00:38       398     0.1
        10.00         232.5        21.790    Mar  3 12:01:00       420     0.1
        11.00         253.8        21.370    Mar  3 12:01:21       441     0.1
        12.00         277.7        23.840    Mar  3 12:07:43       823     0.2
        13.00         300.2        22.510    Mar  3 12:08:06       846     0.2
        14.00         321.2        20.990    Mar  3 12:08:27       867     0.2
        15.00         340.0        18.800    Mar  3 12:08:46       886     0.2
        16.00         358.0        18.040    Mar  3 12:12:51      1131     0.3
        17.00         373.5        15.540    Mar  3 12:15:26      1286     0.4
        18.00         398.4        24.840    Mar  3 12:16:41      1361     0.4
        19.00         410.1        11.710    Mar  3 12:16:53      1373     0.4
        20.00         438.5        28.430    Mar  3 12:20:00      1560     0.4
        21.00         454.8        16.250    Mar  3 12:22:47      1727     0.5
        22.00         470.3        15.560    Mar  3 12:32:53      2333     0.6
        23.00         489.1        18.780    Mar  3 12:34:28      2428     0.7
        24.00         518.1        28.970    Mar  3 12:35:06      2466     0.7
        25.00         543.9        25.820    Mar  3 12:36:47      2567     0.7
        26.00         572.3        28.400    Mar  3 12:41:17      2837     0.8
        27.00         597.3        25.000    Mar  3 12:41:41      2861     0.8
        28.00         625.3        28.040    Mar  3 12:42:21      2901     0.8
        29.00         653.9        28.590    Mar  3 12:43:26      2966     0.8
        30.00         686.5        32.570    Mar  3 12:44:22      3022     0.8
        31.00         729.5        42.980    Mar  3 12:45:36      3096     0.9
        32.00         761.4        31.940    Mar  3 12:46:29      3149     0.9
        33.00         791.5        30.050    Mar  3 12:51:03      3423     1.0
        34.00         816.3        24.880    Mar  3 12:51:50      3470     1.0
        35.00         837.6        21.260    Mar  3 12:52:23      3503     1.0
        36.00         860.6        22.960    Mar  3 12:53:09      3549     1.0
        37.00         903.2        42.680    Mar  3 12:56:44      3764     1.0
        38.00         927.4        24.140    Mar  3 12:58:15      3855     1.1
        39.00         946.3        18.930    Mar  3 13:01:13      4033     1.1
        40.00         986.5        40.140    Mar  3 13:02:46      4126     1.1
        41.00        1008.8        22.360    Mar  3 13:04:17      4217     1.2
        42.00        1043.9        35.110    Mar  3 13:06:41      4361     1.2
        43.00        1072.2        28.310    Mar  3 13:08:14      4454     1.2
        44.00        1102.1        29.860    Mar  3 13:10:02      4562     1.3
        45.00        1133.0        30.920    Mar  3 13:11:34      4654     1.3
        46.00        1163.5        30.510    Mar  3 13:13:25      4765     1.3
        47.00        1193.6        30.080    Mar  3 13:14:28      4828     1.3
        48.00        1231.2        37.610    Mar  3 13:16:47      4967     1.4
        49.00        1268.7        37.470    Mar  3 13:22:06      5286     1.5
        50.00        1302.8        34.110    Mar  3 13:27:43      5623     1.6
        51.00        1338.9        36.120    Mar  3 13:34:19      6019     1.7
        52.00        1370.7        31.770    Mar  3 13:39:31      6331     1.8
        53.00        1397.6        26.890    Mar  3 13:50:23      6983     1.9
        54.00        1427.0        29.440    Mar  3 13:58:19      7459     2.1
        55.00        1452.3        25.280    Mar  3 14:16:25      8545     2.4
        56.00        1469.0        16.720    Mar  3 14:20:48      8808     2.4
        57.00        1494.5        25.500    Mar  3 14:25:46      9106     2.5
        58.00        1519.3        24.780    Mar  3 14:49:15     10515     2.9
        59.00        1538.0        18.690    Mar  3 14:52:04     10684     3.0
        60.00        1559.7        21.720    Mar  3 15:02:53     11333     3.1
        61.00        1581.0        21.270    Mar  3 15:04:13     11413     3.2
        62.00        1614.0        33.060    Mar  3 15:08:20     11660     3.2
        63.00        1652.4        38.310    Mar  3 15:13:43     11983     3.3
        64.00        1693.8        41.420    Mar  3 15:19:54     12354     3.4
        65.00        1729.1        35.320    Mar  3 15:32:03     13083     3.6
        66.00        1760.4        31.290    Mar  3 15:34:16     13216     3.7
        67.00        1797.7        37.330    Mar  3 16:22:27     16107     4.5
        68.00        1833.9        36.190    Mar  3 16:43:15     17355     4.8
        69.00        1876.6        42.700    Mar  3 16:50:36     17796     4.9
        70.00        1904.3        27.740    Mar  3 16:52:37     17917     5.0
        71.00        1954.2        49.910    Mar  3 17:10:25     18985     5.3
        72.00        1987.6        33.320    Mar  3 17:11:43     19063     5.3
        73.00        2044.4        56.790    Mar  3 17:30:46     20206     5.6
        74.00        2072.3        27.930    Mar  3 17:36:05     20525     5.7
        75.00        2093.4        21.140    Mar  3 17:37:52     20632     5.7
        76.00        2119.8        26.370    Mar  3 17:43:07     20947     5.8
        77.00        2149.2        29.400    Mar  3 17:45:43     21103     5.9
        78.00        2188.8        39.600    Mar  3 18:00:00     21960     6.1
        79.00        2217.8        29.040    Mar  3 18:03:54     22194     6.2
        80.00        2256.7        38.900    Mar  3 18:11:44     22664     6.3
        81.00        2293.3        36.600    Mar  3 18:28:29     23669     6.6
        82.00        2336.0        42.620    Mar  3 18:43:10     24550     6.8
        83.00        2378.6        42.590    Mar  3 18:47:17     24797     6.9
        84.00        2423.9        45.310    Mar  3 18:51:29     25049     7.0
        85.00        2482.2        58.300    Mar  3 18:55:14     25274     7.0
        86.00        2521.9        39.730    Mar  3 19:00:12     25572     7.1
        87.00        2562.3        40.440    Mar  3 19:03:45     25785     7.2
        88.00        2612.5        50.210    Mar  3 19:06:41     25961     7.2
        89.00        2650.9        38.350    Mar  3 19:10:59     26219     7.3
        90.00        2684.3        33.430    Mar  3 19:13:28     26368     7.3
        91.00        2717.0        32.640    Mar  3 19:17:42     26622     7.4
        92.00        2744.0        27.070    Mar  3 19:19:43     26743     7.4
        93.00        2788.9        44.850    Mar  3 19:23:58     26998     7.5
        94.00        2808.8        19.930    Mar  3 19:26:10     27130     7.5
        95.00        2843.3        34.510    Mar  3 19:30:20     27380     7.6
        96.00        2876.3        33.030    Mar  3 19:32:18     27498     7.6
        97.00        2899.4        23.010    Mar  3 19:41:34     28054     7.8
        98.00        2922.8        23.430    Mar  3 19:44:23     28223     7.8
        99.00        2950.6        27.790    Mar  3 19:48:29     28469     7.9
       100.00        2992.6        42.040    Mar  3 19:59:55     29155     8.1
       101.00        3032.1        39.470    Mar  3 20:04:19     29419     8.2
       102.00        3070.4        38.310    Mar  3 20:08:04     29644     8.2
       103.00        3118.0        47.650    Mar  3 20:10:59     29819     8.3
       104.00        3165.4        47.330    Mar  3 20:14:45     30045     8.3
       105.00        3208.6        43.240    Mar  3 20:20:11     30371     8.4
       106.00        3246.4        37.820    Mar  3 20:25:20     30680     8.5
       107.00        3282.3        35.900    Mar  3 20:27:42     30822     8.6
       108.00        3317.8        35.490    Mar  3 20:28:54     30894     8.6
       109.00        3361.9        44.090    Mar  3 20:32:01     31081     8.6
       110.00        3392.7        30.790    Mar  3 20:32:55     31135     8.6
       111.00        3431.4        38.720    Mar  3 20:35:34     31294     8.7
       112.00        3457.2        25.810    Mar  3 20:36:25     31345     8.7
       113.00        3491.9        34.630    Mar  3 20:38:02     31442     8.7
       114.00        3522.5        30.610    Mar  3 20:40:57     31617     8.8
       115.00        3548.0        25.560    Mar  3 20:42:03     31683     8.8
       116.00        3577.3        29.290    Mar  3 20:42:59     31739     8.8
       117.00        3601.9        24.620    Mar  3 20:44:16     31816     8.8
       118.00        3626.9        24.910    Mar  3 20:45:51     31911     8.9
       119.00        3666.9        40.010    Mar  3 20:48:05     32045     8.9
       120.00        3704.2        37.300    Mar  3 20:54:13     32413     9.0
       121.00        3753.8        49.630    Mar  3 20:56:55     32575     9.0
       122.00        3797.0        43.150    Mar  3 21:12:08     33488     9.3
       123.00        3843.8        46.880    Mar  3 21:23:52     34192     9.5
       124.00        3892.3        48.510    Mar  3 21:38:10     35050     9.7
       125.00        3934.9        42.520    Mar  3 21:41:07     35227     9.8
       126.00        3985.8        50.890    Mar  3 21:53:02     35942    10.0
       127.00        4024.8        39.040    Mar  3 21:56:01     36121    10.0
       128.00        4060.2        35.430    Mar  3 22:04:01     36601    10.2
       129.00        4102.2        41.940    Mar  3 22:07:52     36832    10.2
       130.00        4135.9        33.710    Mar  3 22:11:19     37039    10.3
       131.00        4168.3        32.430    Mar  3 22:13:42     37182    10.3
       132.00        4213.0        44.710    Mar  3 22:17:52     37432    10.4
       133.00        4240.2        27.170    Mar  3 22:20:45     37605    10.4
       134.00        4267.0        26.830    Mar  3 22:23:39     37779    10.5
       135.00        4305.2        38.230    Mar  3 22:27:05     37985    10.6
       136.00        4333.8        28.600    Mar  3 22:28:30     38070    10.6
       137.00        4367.8        33.970    Mar  3 22:31:44     38264    10.6
       138.00        4402.6        34.760    Mar  3 22:34:35     38435    10.7
       139.00        4445.6        43.060    Mar  3 22:43:34     38974    10.8
       140.00        4480.6        35.000    Mar  3 22:46:50     39170    10.9
       141.00        4524.6        43.970    Mar  3 22:52:25     39505    11.0
       142.00        4567.0        42.350    Mar  3 22:57:41     39821    11.1
       143.00        4613.7        46.760    Mar  3 23:04:09     40209    11.2
       144.00        4656.1        42.410    Mar  3 23:11:17     40637    11.3
       145.00        4689.5        33.420    Mar  3 23:14:34     40834    11.3
       146.00        4724.9        35.320    Mar  3 23:24:44     41444    11.5
       147.00        4757.4        32.550    Mar  3 23:26:36     41556    11.5
       148.00        4791.2        33.810    Mar  3 23:33:54     41994    11.7
       149.00        4838.1        46.850    Mar  3 23:39:32     42332    11.8
       150.00        4874.8        36.730    Mar  3 23:42:41     42521    11.8
       151.00        4899.2        24.400    Mar  3 23:48:55     42895    11.9
       152.00        4931.4        32.210    Mar  4 00:09:12     44112    12.3
       153.00        4974.2        42.830    Mar  4 00:21:12     44832    12.5
       154.00        5000.4        26.160    Mar  4 00:23:29     44969    12.5
       155.00        5048.2        47.820    Mar  4 00:29:45     45345    12.6
       156.00        5078.0        29.800    Mar  4 00:31:47     45467    12.6
       157.00        5117.0        38.940    Mar  4 00:38:58     45898    12.7
       158.00        5157.7        40.700    Mar  4 00:44:22     46222    12.8
       159.00        5199.7        42.050    Mar  4 00:47:55     46435    12.9
       160.00        5256.6        56.940    Mar  4 02:04:38     51038    14.2
       161.00        5311.6        54.990    Mar  4 02:58:55     54295    15.1
       162.00        5352.4        40.760    Mar  4 03:09:22     54922    15.3
       163.00        5400.9        48.480    Mar  4 03:28:32     56072    15.6
       164.00        5451.2        50.290    Mar  4 03:57:30     57810    16.1
       165.00        5497.1        45.950    Mar  4 04:43:41     60581    16.8
       166.00        5545.1        47.990    Mar  4 05:20:01     62761    17.4
       167.00        5576.8        31.660    Mar  4 05:40:59     64019    17.8
       168.00        5610.4        33.670    Mar  4 06:40:59     67619    18.8
       169.00        5665.2        54.770    Mar  4 07:11:58     69478    19.3
       170.00        5692.7        27.510    Mar  4 07:16:52     69772    19.4
       171.00        5750.2        57.470    Mar  4 07:24:13     70213    19.5
       172.00        5781.7        31.480    Mar  4 07:31:19     70639    19.6
       173.00        5816.6        34.930    Mar  4 07:36:21     70941    19.7
       174.00        5860.1        43.530    Mar  4 07:45:20     71480    19.9
       175.00        5893.5        33.340    Mar  4 07:50:01     71761    19.9
       176.00        5946.8        53.340    Mar  4 08:09:17     72917    20.3
       177.00        5989.6        42.780    Mar  4 08:16:32     73352    20.4
       178.00        6053.0        63.430    Mar  4 08:20:40     73600    20.4
       179.00        6106.4        53.370    Mar  4 08:23:41     73781    20.5
       180.00        6163.9        57.510    Mar  4 08:29:12     74112    20.6
       181.00        6215.4        51.450    Mar  4 08:34:06     74406    20.7
       182.00        6269.7        54.370    Mar  4 08:55:49     75709    21.0
       183.00        6319.4        49.700    Mar  4 09:13:56     76796    21.3
       184.00        6351.4        31.960    Mar  4 09:15:33     76893    21.4
       185.00        6392.8        41.440    Mar  4 09:18:03     77043    21.4
       186.00        6434.8        42.010    Mar  4 09:19:30     77130    21.4
       187.00        6473.4        38.520    Mar  4 09:22:07     77287    21.5
       188.00        6506.8        33.410    Mar  4 09:23:12     77352    21.5
       189.00        6559.8        53.000    Mar  4 09:24:53     77453    21.5
       190.00        6606.6        46.880    Mar  4 09:26:35     77555    21.5
       191.00        6648.7        42.080    Mar  4 09:27:59     77639    21.6
       192.00        6714.1        65.370    Mar  4 09:29:56     77756    21.6
       193.00        6761.8        47.660    Mar  4 09:31:04     77824    21.6
       194.00        6803.4        41.700    Mar  4 09:32:35     77915    21.6
       195.00        6870.4        66.970    Mar  4 09:34:52     78052    21.7
       196.00        6922.1        51.720    Mar  4 09:36:33     78153    21.7
       197.00        6987.5        65.340    Mar  4 09:41:31     78451    21.8
       198.00        7044.0        56.540    Mar  4 09:43:28     78568    21.8
       199.00        7090.8        46.750    Mar  4 09:45:17     78677    21.9
       200.00        7145.0        54.240    Mar  4 09:47:23     78803    21.9
       201.00        7192.8        47.770    Mar  4 09:49:09     78909    21.9
       202.00        7245.3        52.480    Mar  4 09:50:45     79005    21.9
       203.00        7293.1        47.790    Mar  4 09:52:14     79094    22.0
       204.00        7336.1        43.020    Mar  4 09:53:40     79180    22.0
       205.00        7379.2        43.160    Mar  4 09:55:04     79264    22.0
       206.00        7422.0        42.750    Mar  4 09:56:17     79337    22.0
       207.00        7475.2        53.220    Mar  4 09:58:31     79471    22.1
       208.00        7523.5        48.310    Mar  4 09:59:54     79554    22.1
       209.00        7578.1        54.630    Mar  4 10:01:20     79640    22.1
       210.00        7621.3        43.150    Mar  4 10:02:46     79726    22.1
       211.00        7675.0        53.660    Mar  4 10:04:34     79834    22.2
       212.00        7718.0        43.080    Mar  4 10:05:54     79914    22.2
       213.00        7776.6        58.570    Mar  4 10:07:49     80029    22.2
       214.00        7821.3        44.710    Mar  4 10:09:37     80137    22.3
       215.00        7885.1        63.830    Mar  4 10:11:28     80248    22.3
       216.00        7944.5        59.360    Mar  4 10:13:41     80381    22.3
       217.00        8001.6        57.070    Mar  4 10:15:35     80495    22.4
       218.00        8068.2        66.580    Mar  4 10:18:01     80641    22.4
       219.00        8132.5        64.390    Mar  4 10:19:48     80748    22.4
       220.00        8208.7        76.170    Mar  4 10:21:59     80879    22.5
       221.00        8275.5        66.800    Mar  4 10:23:44     80984    22.5
       222.00        8348.8        73.270    Mar  4 10:25:51     81111    22.5
       223.00        8415.7        66.940    Mar  4 10:27:41     81221    22.6
       224.00        8470.9        55.170    Mar  4 10:29:15     81315    22.6
       225.00        8556.5        85.560    Mar  4 10:31:43     81463    22.6
       226.00        8604.2        47.730    Mar  4 10:32:46     81526    22.6
       227.00        8655.7        51.550    Mar  4 10:34:16     81616    22.7
       228.00        8724.3        68.560    Mar  4 10:36:16     81736    22.7
       229.00        8791.1        66.790    Mar  4 10:38:14     81854    22.7
       230.00        8849.1        58.060    Mar  4 10:40:05     81965    22.8
       231.00        8916.4        67.210    Mar  4 10:42:12     82092    22.8
       232.00        8981.6        65.220    Mar  4 10:44:17     82217    22.8
       233.00        9055.1        73.540    Mar  4 10:50:02     82562    22.9
       234.00        9130.8        75.720    Mar  4 10:52:30     82710    23.0
       235.00        9197.4        66.600    Mar  4 10:54:43     82843    23.0
       236.00        9277.5        80.070    Mar  4 10:57:13     82993    23.1
       237.00        9375.7        98.240    Mar  4 11:01:39     83259    23.1
       238.00        9458.9        83.140    Mar  4 11:04:02     83402    23.2
       239.00        9530.2        71.330    Mar  4 11:06:04     83524    23.2
       240.00        9606.0        75.790    Mar  4 11:08:14     83654    23.2
       241.00        9678.2        72.220    Mar  4 11:09:59     83759    23.3
       242.00        9742.3        64.100    Mar  4 11:11:54     83874    23.3
       243.00        9804.8        62.480    Mar  4 11:13:52     83992    23.3
       244.00        9859.7        54.940    Mar  4 11:15:20     84080    23.4
       245.00        9918.3        58.520    Mar  4 11:17:06     84186    23.4
       246.00        9963.2        44.940    Mar  4 11:18:27     84267    23.4
       247.00       10026.1        62.930    Mar  4 11:21:22     84442    23.5
       248.00       10083.4        57.290    Mar  4 11:24:27     84627    23.5
       249.00       10146.8        63.390    Mar  4 11:26:10     84730    23.5
       250.00       10230.6        83.800    Mar  4 11:28:48     84888    23.6
       251.00       10311.1        80.440    Mar  4 11:30:46     85006    23.6
       252.00       10416.1       105.090    Mar  4 11:33:49     85189    23.7
       253.00       10513.9        97.750    Mar  4 11:36:22     85342    23.7
       254.00       10634.8       120.860    Mar  4 11:39:25     85525    23.8
       255.00       10765.0       130.240    Mar  4 11:42:31     85711    23.8
       256.00       10884.0       119.010    Mar  4 11:45:22     85882    23.9
       257.00       11017.7       133.720    Mar  4 11:48:35     86075    23.9
       258.00       11114.8        97.060    Mar  4 11:50:58     86218    23.9
       259.00       11218.0       103.240    Mar  4 11:53:40     86380    24.0
       260.00       11312.6        94.630    Mar  4 11:59:26     86726    24.1
       261.00       11399.9        87.290    Mar  4 12:01:38     86858    24.1
       262.00       11478.7        78.740    Mar  4 12:03:47     86987    24.2
       263.00       11551.9        73.270    Mar  4 12:05:45     87105    24.2
       264.00       11639.9        87.910    Mar  4 12:08:02     87242    24.2
       265.00       11707.9        68.080    Mar  4 12:09:40     87340    24.3
       266.00       11772.4        64.450    Mar  4 12:11:24     87444    24.3
       267.00       11831.6        59.220    Mar  4 12:13:05     87545    24.3
       268.00       11909.8        78.150    Mar  4 12:15:01     87661    24.4
       269.00       11984.2        74.440    Mar  4 12:17:15     87795    24.4
       270.00       12058.5        74.260    Mar  4 12:19:59     87959    24.4
       271.00       12137.9        79.420    Mar  4 12:22:27     88107    24.5
       272.00       12231.0        93.110    Mar  4 12:25:01     88261    24.5
       273.00       12315.2        84.210    Mar  4 12:27:14     88394    24.6
       274.00       12415.9       100.740    Mar  4 12:31:15     88635    24.6
       275.00       12505.6        89.700    Mar  4 12:34:19     88819    24.7
       276.00       12601.9        96.230    Mar  4 12:37:15     88995    24.7
       277.00       12691.7        89.800    Mar  4 12:39:40     89140    24.8
       278.00       12774.0        82.340    Mar  4 12:42:13     89293    24.8
       279.00       12886.5       112.480    Mar  4 12:45:25     89485    24.9
       280.00       12978.5        91.990    Mar  4 12:47:54     89634    24.9
       281.00       13070.1        91.660    Mar  4 12:50:42     89802    24.9
       282.00       13129.6        59.500    Mar  4 12:52:38     89918    25.0
       283.00       13205.1        75.490    Mar  4 12:55:13     90073    25.0
       284.00       13264.0        58.850    Mar  4 12:57:23     90203    25.1
       285.00       13333.6        69.600    Mar  4 12:59:55     90355    25.1
       286.00       13410.2        76.650    Mar  4 13:02:57     90537    25.1
       287.00       13487.5        77.270    Mar  4 13:04:53     90653    25.2
       288.00       13582.3        94.820    Mar  4 13:08:40     90880    25.2
       289.00       13674.3        92.020    Mar  4 13:11:24     91044    25.3
       290.00       13775.4       101.010    Mar  4 13:15:56     91316    25.4
       291.00       13886.0       110.670    Mar  4 13:18:45     91485    25.4
       292.00       13981.0        94.990    Mar  4 13:21:24     91644    25.5
       293.00       14115.1       134.090    Mar  4 13:25:07     91867    25.5
       294.00       14229.6       114.510    Mar  4 13:27:57     92037    25.6
       295.00       14365.9       136.270    Mar  4 13:31:33     92253    25.6
       296.00       14469.0       103.100    Mar  4 13:33:56     92396    25.7
       297.00       14577.3       108.280    Mar  4 13:36:47     92567    25.7
       298.00       14712.8       135.570    Mar  4 13:40:00     92760    25.8
       299.00       14853.3       140.510    Mar  4 13:43:37     92977    25.8
       300.00       14957.1       103.730    Mar  4 13:46:02     93122    25.9
