 ------ Host: "tp-linux1" ----------Fri Mar  3 11:53:59 2017
            
 /home/thomas/cf4/DD-vMCG/cf4
 ---------------------------------------------------------------------------
  
 Subroutine       Calls N      cpu/N          cpu     %cpu        Clock
 GWPlindep1ms        5558 -5677.7917  -31557166.380 *******          0.000
 PropWF                 1 14956.9160      14956.916   100.0      93123.016
 Funkr              41083     0.3620      14872.032    99.4      93029.125
 RK5                  300    49.4299      14828.976    99.1      92734.484
 Gwp_Gdot           41083     0.2443      10037.372    67.1      10032.485
 subgdot1           41083     0.2443      10036.784    67.1      10032.103
 Gh_elements        41083     0.1089       4472.812    29.9       4471.763
 Gh_elems: LHA      41083     0.0566       2327.028    15.6       2326.220
 DBread            821660     0.0028       2305.744    15.4       2306.168
 Gh_elems: sum     657328     0.0032       2128.940    14.2       2129.527
 GWP overlap        41084     0.0020         84.084     0.6         84.143
 GWP ODE Test        5557     0.0115         64.068     0.4         64.743
 Setgwpdyn1ms        5558     0.0114         63.304     0.4         63.469
 Gwp_Ymat           41083     0.0013         52.216     0.3         52.192
 Output               301     0.0649         19.524     0.1         20.402
 Gwp_projector      87724     0.0001         12.936     0.1         13.208
 GWP orthonorm      87724     0.0001         10.572     0.1         10.756
 Gh_elems: kinet   616245     0.0000          5.328     0.0          5.302
 Density            41084     0.0000          0.376     0.0          0.367
 GenOPER                1     0.0840          0.084     0.0          1.120
 CalcOPs                1     0.0360          0.036     0.0          0.924
 PhiHunPhi          41083     0.0000          0.132     0.0          0.121
 Dicht1Phi          41083     0.0000          0.072     0.0          0.057
 HPhi               41083     0.0000          0.060     0.0          0.058
 Hlochphi           41083     0.0000          0.080     0.0          0.056
 Mfields            41083     0.0000          0.044     0.0          0.045
 PhiHPhi            41083     0.0000          0.052     0.0          0.046
 Project            41083     0.0000          0.048     0.0          0.037
 HunPhi             41083     0.0000          0.036     0.0          0.033
 AddHunPhi          41083     0.0000          0.016     0.0          0.032
 Init_WF                1     0.0240          0.024     0.0          0.050
 GenDVR                 1     0.0040          0.004     0.0          0.024

Total (cpu,wall)    14957.072    93123.389   (    25h : 52m :   3s)


 ---------------------------------------------------------------------------
 ------ Host: "tp-linux1" ----------Sat Mar  4 13:46:03 2017
            
