290.0  0.0003592171642
290.100334448  0.000373386377806
290.200668896  0.000388523510875
290.301003344  0.00040472214677
290.401337793  0.000422087566129
290.501672241  0.00044073854911
290.602006689  0.000460809509998
290.702341137  0.000482453036062
290.802675585  0.00050584292056
290.903010033  0.000531177802889
291.003344482  0.000558685558886
291.10367893  0.000588628623381
291.204013378  0.000621310478557
291.304347826  0.000657083610051
291.404682274  0.000696359324387
291.505016722  0.000739619945889
291.605351171  0.000787434082809
291.705685619  0.000840475893037
291.806020067  0.000899549624201
291.906354515  0.000965621205274
292.006688963  0.00103985939442
292.107023411  0.00112368989601
292.20735786  0.00121886589416
292.307692308  0.00132755115559
292.408026756  0.00145238274628
292.508361204  0.00159653750422
292.608695652  0.00176419639028
292.7090301  0.00196109681304
292.809364548  0.00219461622996
292.909698997  0.00247435787147
293.010033445  0.00281323203012
293.110367893  0.00322896184442
293.210702341  0.00374636027933
293.311036789  0.00440093725403
293.411371237  0.00524478844775
293.511705686  0.00635650612563
293.612040134  0.0078584058858
293.712374582  0.00994745400755
293.81270903  0.01295234393
293.913043478  0.0174398479331
294.013377926  0.0244033184651
294.113712375  0.0355089255975
294.214046823  0.0528383660701
294.314381271  0.075218376066
294.414715719  0.088614394496
294.515050167  0.0775085023368
294.615384615  0.0551281704727
294.715719064  0.0370649518124
294.816053512  0.0253868894411
294.91638796  0.0180747611311
295.016722408  0.0133824683257
295.117056856  0.0102553497362
295.217391304  0.00809135137524
295.317725753  0.00654234846174
295.418060201  0.00540052580178
295.518394649  0.00453732435503
295.618729097  0.00387043412116
295.719063545  0.00334546995173
295.819397993  0.00292546592669
295.919732441  0.00258465314003
296.02006689  0.00230465887663
296.120401338  0.00207211763049
296.220735786  0.00187712979493
296.321070234  0.00171224332257
296.421404682  0.001571766203
296.52173913  0.00145129306197
296.622073579  0.00134737329315
296.722408027  0.0012572745609
296.822742475  0.00117881171498
296.923076923  0.00111022130476
297.023411371  0.00105006836236
297.123745819  0.000997176339586
297.224080268  0.000950573873468
297.324414716  0.000909453929925
297.424749164  0.000873142153821
297.525083612  0.000841072137894
297.62541806  0.000812765942256
297.725752508  0.000787818634986
297.826086957  0.000765885938899
297.926421405  0.000746674297401
298.026755853  0.000729932838988
298.127090301  0.000715446843051
298.227424749  0.000703032401325
298.327759197  0.000692532038203
298.428093645  0.000683811105358
298.528428094  0.000676754805913
298.628762542  0.000671265734068
298.72909699  0.000667261839819
298.829431438  0.000664674746948
298.929765886  0.000663448367045
299.030100334  0.000663537763873
299.130434783  0.000664908231634
299.230769231  0.000667534558174
299.331103679  0.000671400450232
299.431438127  0.000676498102898
299.531772575  0.00068282789968
299.632107023  0.000690398233193
299.732441472  0.000699225439692
299.83277592  0.000709333843526
299.933110368  0.000720755910254
300.033444816  0.000733532509755
300.133779264  0.000747713293227
300.234113712  0.000763357190614
300.334448161  0.00078053303786
300.434782609  0.000799320346517
300.535117057  0.000819810231742
300.635451505  0.000842106518826
300.735785953  0.000866327053115
300.836120401  0.000892605243896
300.936454849  0.000921091879573
301.036789298  0.00095195725974
301.137123746  0.000985393699792
301.237458194  0.00102161847615
301.337792642  0.00106087729551
301.43812709  0.00110344839071
301.538461538  0.00114964736977
301.638795987  0.00119983297499
301.739130435  0.00125441394763
301.839464883  0.00131385724239
301.939799331  0.00137869789975
302.040133779  0.00144955096531
302.140468227  0.00152712595236
302.240802676  0.00161224448338
302.341137124  0.00170586193149
302.441471572  0.00180909412922
302.54180602  0.00192325054408
302.642140468  0.00204987577029
302.742474916  0.00219080180312
302.842809365  0.0023482144159
302.943143813  0.00252473815445
303.043478261  0.00272354615438
303.143812709  0.00294850340968
303.244147157  0.00320435563919
303.344481605  0.00349698107894
303.444816054  0.00383373027592
303.545150502  0.0042238907358
303.64548495  0.00467933149673
303.745819398  0.00521541143093
303.846153846  0.00585228132183
303.946488294  0.00661678587979
304.046822742  0.00754530018374
304.147157191  0.00868805703906
304.247491639  0.0101159165355
304.347826087  0.0119312517402
304.448160535  0.0142859865319
304.548494983  0.0174124599912
304.648829431  0.0216780051561
304.74916388  0.027684411457
304.849498328  0.0364523641325
304.949832776  0.0497550241072
305.050167224  0.0706189709404
305.150501672  0.103377220378
305.25083612  0.149398849608
305.351170569  0.191353937665
305.451505017  0.195486701538
305.551839465  0.167092091071
305.652173913  0.136130750382
305.752508361  0.106988980044
305.852842809  0.0805552069196
305.953177258  0.0627711505951
306.053511706  0.0542898738874
306.153846154  0.0527456515959
306.254180602  0.0522683197391
306.35451505  0.0453826555916
306.454849498  0.0344943151719
306.555183946  0.0253971340186
306.655518395  0.019158156193
306.755852843  0.0149739611672
306.856187291  0.0120823890407
306.956521739  0.010004080396
307.056856187  0.00845525469288
307.157190635  0.00726517906003
307.257525084  0.00632737677686
307.357859532  0.00557281799047
307.45819398  0.00495509684933
307.558528428  0.00444199304245
307.658862876  0.00401049558873
307.759197324  0.00364376304466
307.859531773  0.00332920419016
307.959866221  0.00305722907528
308.060200669  0.00282041390071
308.160535117  0.00261292883929
308.260869565  0.00243013736544
308.361204013  0.00226831014579
308.461538462  0.00212441711806
308.56187291  0.00199597398409
308.662207358  0.00188092724829
308.762541806  0.0017775670031
308.862876254  0.00168445998392
308.963210702  0.00160039763142
309.063545151  0.00152435540333
309.163879599  0.00145546061551
309.264214047  0.00139296681865
309.364548495  0.00133623323268
309.464882943  0.00128470813177
309.565217391  0.00123791534232
309.665551839  0.00119544321499
309.765886288  0.00115693557934
309.866220736  0.00112208430009
309.966555184  0.00109062313861
310.066889632  0.00106232268716
310.16722408  0.00103698619323
310.267558528  0.00101444613055
310.367892977  0.000994561403762
310.468227425  0.000977215098518
310.568561873  0.000962312709124
310.668896321  0.00094978079221
310.769230769  0.000939566009498
310.869565217  0.000931634535185
310.969899666  0.000925971815082
311.070234114  0.000922582675662
311.170568562  0.000921491792366
311.27090301  0.000922744538191
311.371237458  0.000926408246612
311.471571906  0.000932573937709
311.571906355  0.000941358574038
311.672240803  0.000952907934207
311.772575251  0.000967400218794
311.872909699  0.00098505053691
311.973244147  0.00100611646481
312.073578595  0.00103090492395
312.173913043  0.00105978069906
312.274247492  0.00109317701404
312.37458194  0.00113160871294
312.474916388  0.00117568876912
312.575250836  0.00122614908474
312.675585284  0.00128386687371
312.775919732  0.00134989838374
312.876254181  0.00142552236839
312.976588629  0.00151229666211
313.076923077  0.00161213258999
313.177257525  0.00172739399774
313.277591973  0.00186103081843
313.377926421  0.00201676198204
313.47826087  0.00219933031335
313.578595318  0.00241486488018
313.678929766  0.00267140691172
313.779264214  0.00297968349065
313.879598662  0.00335421310744
313.97993311  0.00381456331587
314.080267559  0.00438543339908
314.180602007  0.00509585506156
314.280936455  0.00599337958105
314.381270903  0.00716541310444
314.481605351  0.00874090036447
314.581939799  0.0109144276895
314.682274247  0.0139996975282
314.782608696  0.0185158027038
314.882943144  0.025368352551
314.983277592  0.0361643432809
315.08361204  0.0532318669687
315.183946488  0.077406374238
315.284280936  0.0997054893723
315.384615385  0.100554864571
315.484949833  0.0793872322612
315.585284281  0.0555526054921
315.685618729  0.0388777002022
315.785953177  0.0288447688718
315.886287625  0.0226030965975
315.986622074  0.0176738796792
316.086956522  0.0135303216937
316.18729097  0.0104456752122
316.287625418  0.0082662903491
316.387959866  0.00670934349279
316.488294314  0.00556453742747
316.588628763  0.00469799544221
316.688963211  0.00402535096893
316.789297659  0.00349202534794
316.889632107  0.00306153223333
316.989966555  0.00270870903038
317.090301003  0.00241571836507
317.190635452  0.00216960991724
317.2909699  0.00196078459146
317.391304348  0.00178199747024
317.491638796  0.00162769280466
317.591973244  0.00149354969979
317.692307692  0.00137616506927
317.79264214  0.00127282815747
317.892976589  0.00118135744677
317.993311037  0.00109998088043
318.093645485  0.00102724667797
318.193979933  0.000961956093228
318.294314381  0.000903112133572
318.394648829  0.000849880039047
318.494983278  0.000801556528697
318.595317726  0.000757545654188
318.695652174  0.000717339683141
318.795986622  0.000680503847056
318.89632107  0.000646664084449
318.996655518  0.000615497124225
319.096989967  0.000586722411464
319.197324415  0.000560095493998
319.297658863  0.000535402574995
319.397993311  0.000512456002102
319.498327759  0.000491090513356
319.598662207  0.000471160098022
319.698996656  0.000452535359764
319.799331104  0.000435101292263
319.899665552  0.000418755395098
320.0  0.000403406071644
