290.0  0.000341965351038
290.100334448  0.00035507952916
290.200668896  0.000369065990803
290.301003344  0.000384006881546
290.401337793  0.000399994344252
290.501672241  0.00041713201779
290.602006689  0.000435536804414
290.702341137  0.000455340962201
290.802675585  0.000476694592617
290.903010033  0.000499768610719
291.003344482  0.000524758307848
291.10367893  0.00055188764563
291.204013378  0.000581414457642
291.304347826  0.000613636784384
291.404682274  0.000648900632133
291.505016722  0.000687609532641
291.605351171  0.000730236396424
291.705685619  0.000777338308985
291.806020067  0.000829575133002
291.906354515  0.000887733074063
292.006688963  0.000952754777673
292.107023411  0.00102577810284
292.20735786  0.00110818654041
292.307692308  0.00120167543164
292.408026756  0.00130833987903
292.508361204  0.00143079281777
292.608695652  0.00157232559927
292.7090301  0.00173712938802
292.809364548  0.00193060495758
292.909698997  0.00215980324103
293.010033445  0.00243406298787
293.110367893  0.00276595175766
293.210702341  0.00317268439106
293.311036789  0.00367831180966
293.411371237  0.00431718635892
293.511705686  0.00513960465214
293.612040134  0.00622128062238
293.712374582  0.00767977103912
293.81270903  0.00970389697905
293.913043478  0.0126079522813
294.013377926  0.0169327605809
294.113712375  0.0236261845611
294.214046823  0.0342898998525
294.314381271  0.0510129170771
294.414715719  0.0731472583181
294.515050167  0.0878416605778
294.615384615  0.0784418686812
294.715719064  0.0563108790798
294.816053512  0.0378820497449
294.91638796  0.0258829054852
295.016722408  0.0183729670931
295.117056856  0.0135656613196
295.217391304  0.010370821757
295.317725753  0.0081656762563
295.418060201  0.00659079019649
295.518394649  0.00543213827966
295.618729097  0.00455765873397
295.719063545  0.00388300105052
295.819397993  0.00335255241493
295.919732441  0.0029285855694
296.02006689  0.00258484618117
296.120401338  0.00230264414072
296.220735786  0.0020684016339
296.321070234  0.00187207407474
296.421404682  0.00170610853076
296.52173913  0.00156474156296
296.622073579  0.00144351640283
296.722408027  0.00133894489802
296.822742475  0.00124826687918
296.923076923  0.0011692762629
297.023411371  0.0011001936245
297.123745819  0.00103957162106
297.224080268  0.000986223962567
297.324414716  0.000939171482734
297.424749164  0.000897600776638
297.525083612  0.000860832177609
297.62541806  0.000828294747574
297.725752508  0.000799506585816
297.826086957  0.000774059207953
297.926421405  0.000751605066815
298.026755853  0.000731847518502
298.127090301  0.000714532706177
298.227424749  0.00069944295904
298.327759197  0.000686391396959
298.428093645  0.000675217501025
298.528428094  0.000665783463178
298.628762542  0.000657971168348
298.72909699  0.000651679693519
298.829431438  0.000646823232134
298.929765886  0.000643329370916
299.030100334  0.000641137660867
299.130434783  0.000640198435827
299.230769231  0.000640471841207
299.331103679  0.000641927042945
299.431438127  0.000644541592782
299.531772575  0.000648300930868
299.632107023  0.000653198010852
299.732441472  0.000659233036022
299.83277592  0.000666413298084
299.933110368  0.000674753112725
300.033444816  0.000684273848499
300.133779264  0.000695004047735
300.234113712  0.000706979640263
300.334448161  0.000720244252838
300.434782609  0.000734849619291
300.535117057  0.000750856098694
300.635451505  0.000768333311329
300.735785953  0.000787360905009
300.836120401  0.000808029467521
300.936454849  0.00083044160464
301.036789298  0.000854713207564
301.137123746  0.000880974938837
301.237458194  0.00090937397215
301.337792642  0.00094007602908
301.43812709  0.000973267765248
301.538461538  0.00100915956998
301.638795987  0.00104798885799
301.739130435  0.00109002394975
301.839464883  0.00113556865983
301.939799331  0.0011849677415
302.040133779  0.0012386133729
302.140468227  0.00129695291753
302.240802676  0.00136049825412
302.341137124  0.0014298370523
302.441471572  0.00150564647951
302.54180602  0.00158870997067
302.642140468  0.00167993789413
302.742474916  0.00178039322824
302.842809365  0.00189132376694
302.943143813  0.00201420296731
303.043478261  0.00215078245985
303.143812709  0.00230316068293
303.244147157  0.00247387448831
303.344481605  0.00266602465854
303.444816054  0.00288345332153
303.545150502  0.00313100194731
303.64548495  0.00341488431279
303.745819398  0.00374315871019
303.846153846  0.00412616306607
303.946488294  0.00457682378914
304.046822742  0.00510677030875
304.147157191  0.00571250663753
304.247491639  0.00639521950641
304.347826087  0.00720645720505
304.448160535  0.00821061003511
304.548494983  0.00946882352384
304.648829431  0.0110613789806
304.74916388  0.0131072652505
304.849498328  0.0157872983732
304.949832776  0.0193829099336
305.050167224  0.0243459272181
305.150501672  0.0314270774279
305.25083612  0.0419126133339
305.351170569  0.0580263671913
305.451505017  0.0833479781752
305.551839465  0.121626496501
305.652173913  0.168233682016
305.752508361  0.200081250387
305.852842809  0.201300815491
305.953177258  0.172159138016
306.053511706  0.129433224892
306.153846154  0.0969671640911
306.254180602  0.0798885696496
306.35451505  0.0724495230908
306.454849498  0.0638338764019
306.555183946  0.0498523820696
306.655518395  0.0366447755902
306.755852843  0.0272001878231
306.856187291  0.0208527458313
306.956521739  0.0165126657872
307.056856187  0.0134366826933
307.157190635  0.0111774712359
307.257525084  0.0094660683977
307.357859532  0.0081356969695
307.45819398  0.00707903046493
307.558528428  0.00622449381402
307.658862876  0.00552280307796
307.759197324  0.0049390591243
307.859531773  0.00444793927869
307.959866221  0.00403067533164
308.060200669  0.003673096402
308.160535117  0.00336432676479
308.260869565  0.00309589828562
308.361204013  0.00286113225371
308.461538462  0.00265470044214
308.56187291  0.00247230797384
308.662207358  0.00231046057978
308.762541806  0.00216629135779
308.862876254  0.00203743015422
308.963210702  0.0019219039239
309.063545151  0.00181805990643
309.163879599  0.00172450581383
309.264214047  0.00164006284586
309.364548495  0.00156372848043
309.464882943  0.00149464678636
309.565217391  0.00143208457909
309.665551839  0.00137541215502
309.765886288  0.0013240876444
309.866220736  0.00127764424809
309.966555184  0.00123567979203
310.066889632  0.00119784816036
310.16722408  0.00116385226553
310.267558528  0.00113343828838
310.367892977  0.00110639097953
310.468227425  0.00108252985957
310.568561873  0.00106170619245
310.668896321  0.00104380063661
310.769230769  0.00102872150383
310.869565217  0.00101640357757
310.969899666  0.00100680746226
311.070234114  0.000999919453791
311.170568562  0.000995751939718
311.27090301  0.000994344357287
311.371237458  0.000995764758915
311.471571906  0.0010001120596
311.571906355  0.00100751907074
311.672240803  0.00101815646198
311.772575251  0.00103223783983
311.872909699  0.00105002619272
311.973244147  0.00107184203242
312.073578595  0.00109807366844
312.173913043  0.00112919019628
312.274247492  0.00116575797706
312.37458194  0.00120846165849
312.474916388  0.00125813116749
312.575250836  0.00131577664458
312.675585284  0.00138263406502
312.775919732  0.00146022542076
312.876254181  0.00155043900784
312.976588629  0.00165563787729
313.076923077  0.00177880835636
313.177257525  0.00192376655768
313.277591973  0.00209545038017
313.377926421  0.00230034014912
313.47826087  0.00254707721341
313.578595318  0.00284739479018
313.678929766  0.00321755487628
313.779264214  0.00368062997306
313.879598662  0.00427024053356
313.97993311  0.00503688414116
314.080267559  0.00605902220998
314.180602007  0.00746307895399
314.280936455  0.00945991181585
314.381270903  0.0124078982605
314.481605351  0.0168908651428
314.581939799  0.0236134252029
314.682274247  0.0322131118003
314.782608696  0.0389435806639
314.882943144  0.0416219529861
314.983277592  0.0460984983591
315.08361204  0.0572316545524
315.183946488  0.07173215725
315.284280936  0.0746319392033
315.384615385  0.0597514933186
315.484949833  0.0415169405209
315.585284281  0.0283164197382
315.685618729  0.0199169938159
315.785953177  0.0145912388013
315.886287625  0.0111050977941
315.986622074  0.00873478581814
316.086956522  0.00706526973247
316.18729097  0.00585322086957
316.287625418  0.00495111666627
316.387959866  0.00426643897757
316.488294314  0.00373940701391
316.588628763  0.00333048988026
316.688963211  0.00301321500561
316.789297659  0.00276996093906
316.889632107  0.00258953321544
316.989966555  0.00246591891943
317.090301003  0.00239797775686
317.190635452  0.00239009454223
317.2909699  0.00245396686606
317.391304348  0.00261097005467
317.491638796  0.00288899366882
317.591973244  0.00329515066078
317.692307692  0.00380908197422
317.79264214  0.00454750099492
317.892976589  0.00580891166767
317.993311037  0.00794881874256
318.093645485  0.011160458133
318.193979933  0.0143234884067
318.294314381  0.0143509619777
318.394648829  0.0111309083994
318.494983278  0.00774931670558
318.595317726  0.00540746970268
318.695652174  0.00392652952809
318.795986622  0.0029807790005
318.89632107  0.00235392077157
318.996655518  0.00192093229827
319.096989967  0.00161015858798
319.197324415  0.00137942972761
319.297658863  0.00120303455508
319.397993311  0.00106472501723
319.498327759  0.000953883375795
319.598662207  0.00086335687074
319.698996656  0.000788193523782
319.799331104  0.000724880110626
319.899665552  0.000670868914516
320.0  0.000624275648324
