290.0  0.000283705418513
290.100334448  0.000293151538717
290.200668896  0.000303141867148
290.301003344  0.00031372082058
290.401337793  0.000324937495895
290.501672241  0.000336846276184
290.602006689  0.000349507530426
290.702341137  0.000362988423646
290.802675585  0.000377363857906
290.903010033  0.000392717568824
291.003344482  0.000409143407696
291.10367893  0.000426746845947
291.204013378  0.000445646747046
291.304347826  0.000465977461574
291.404682274  0.000487891314479
291.505016722  0.000511561570616
291.605351171  0.000537185986451
291.705685619  0.000564991083941
291.806020067  0.000595237319103
291.906354515  0.00062822536544
292.006688963  0.000664303795166
292.107023411  0.000703878524356
292.20735786  0.000747424499427
292.307692308  0.000795500252316
292.408026756  0.000848766155864
292.508361204  0.000908007491214
292.608695652  0.000974163828148
292.7090301  0.00104836676507
292.809364548  0.00113198884992
292.909698997  0.00122670761633
293.010033445  0.0013345902893
293.110367893  0.00145820710743
293.210702341  0.00160078479505
293.311036789  0.00176641718288
293.411371237  0.00196035845177
293.511705686  0.00218943786992
293.612040134  0.00246265650473
293.712374582  0.00279206203043
293.81270903  0.00319405794917
293.913043478  0.00369140784762
294.013377926  0.00431638104625
294.113712375  0.00511582634659
294.214046823  0.00615960268456
294.314381271  0.00755504069825
294.414715719  0.00947257520337
294.515050167  0.0121925814733
294.615384615  0.0161926340423
294.715719064  0.0223073128444
294.816053512  0.0319799664822
294.91638796  0.0473688234806
295.016722408  0.0695585770493
295.117056856  0.0902340123533
295.217391304  0.0889934238111
295.317725753  0.0673906642846
295.418060201  0.0457087075651
295.518394649  0.0309292573611
295.618729097  0.0216596986311
295.719063545  0.0157869261307
295.819397993  0.011933293176
295.919732441  0.0093053464071
296.02006689  0.00744838517661
296.120401338  0.00609467686684
296.220735786  0.00508094922555
296.321070234  0.00430406684969
296.421404682  0.00369671379386
296.52173913  0.00321363391487
296.622073579  0.0028235859622
296.722408027  0.00250448859267
296.822742475  0.00224040266716
296.923076923  0.00201960403207
297.023411371  0.00183332195183
297.123745819  0.00167489451919
297.224080268  0.00153919154713
297.324414716  0.00142221281867
297.424749164  0.00132080361443
297.525083612  0.00123245012261
297.62541806  0.00115513018264
297.725752508  0.00108720295611
297.826086957  0.00102732637768
297.926421405  0.000974394694784
298.026755853  0.000927490714097
298.127090301  0.000885848937989
298.227424749  0.000848826851359
298.327759197  0.000815882369256
298.428093645  0.000786555985067
298.528428094  0.000760456536684
298.628762542  0.000737249780448
298.72909699  0.000716649161166
298.829431438  0.000698408312499
298.929765886  0.000682314930399
299.030100334  0.000668185743419
299.130434783  0.000655862364994
299.230769231  0.000645207859311
299.331103679  0.000636103888165
299.431438127  0.000628448333666
299.531772575  0.00062215331312
299.632107023  0.000617143519118
299.732441472  0.000613354831065
299.83277592  0.000610733154822
299.933110368  0.000609233455463
300.033444816  0.000608818954882
300.133779264  0.000609460471368
300.234113712  0.00061113588273
300.334448161  0.000613829698205
300.434782609  0.00061753272742
300.535117057  0.000622241837271
300.635451505  0.000627959789793
300.735785953  0.000634695156039
300.836120401  0.000642462302751
300.936454849  0.000651281450171
301.036789298  0.000661178800934
301.137123746  0.000672186741425
301.237458194  0.000684344118548
301.337792642  0.000697696596435
301.43812709  0.000712297099329
301.538461538  0.000728206348797
301.638795987  0.000745493505549
301.739130435  0.000764236928619
301.839464883  0.000784525067555
301.939799331  0.000806457506659
302.040133779  0.000830146184417
302.140468227  0.000855716816207
302.240802676  0.00088331055436
302.341137124  0.000913085927075
302.441471572  0.000945221106834
302.54180602  0.000979916570412
302.642140468  0.00101739822699
302.742474916  0.00105792110927
302.842809365  0.00110177374601
302.943143813  0.00114928336528
303.043478261  0.00120082211844
303.143812709  0.00125681456934
303.244147157  0.00131774676937
303.344481605  0.00138417734477
303.444816054  0.00145675117926
303.545150502  0.00153621651086
303.64548495  0.00162344663741
303.745819398  0.00171946805073
303.846153846  0.0018254979153
303.946488294  0.0019429958085
304.046822742  0.00207373834469
304.147157191  0.00221993169108
304.247491639  0.00238438362552
304.347826087  0.00257073157621
304.448160535  0.00278346110092
304.548494983  0.00302625503232
304.648829431  0.00329712729736
304.74916388  0.00359383024549
304.849498328  0.00393062920374
304.949832776  0.00432568908022
305.050167224  0.00479363042662
305.150501672  0.00535161608397
305.25083612  0.0060225362266
305.351170569  0.00683814433124
305.451505017  0.00784353705595
305.551839465  0.00910422759902
305.652173913  0.0107181848157
305.752508361  0.0128370397992
305.852842809  0.0157041565276
305.953177258  0.0197213795846
306.053511706  0.0255451363734
306.153846154  0.0340817005603
306.254180602  0.0456259013746
306.35451505  0.0571811283999
306.454849498  0.0649911865712
306.555183946  0.0745459817177
306.655518395  0.0946357312865
306.755852843  0.131455026747
306.856187291  0.184933546268
306.956521739  0.228068087017
307.056856187  0.214328393278
307.157190635  0.158904359902
307.257525084  0.107711043051
307.357859532  0.0733849637882
307.45819398  0.0518177421798
307.558528428  0.0380573955042
307.658862876  0.0289533603719
307.759197324  0.0226941330521
307.859531773  0.0182371519248
307.959866221  0.0149648334078
308.060200669  0.0124981385429
308.160535117  0.0105961336258
308.260869565  0.00910062485609
308.361204013  0.00790466464192
308.461538462  0.0069340394823
308.56187291  0.00613604005841
308.662207358  0.00547244639493
308.762541806  0.00491502681643
308.862876254  0.00444257842531
308.963210702  0.00403893744925
309.063545151  0.00369161432606
309.163879599  0.00339083997796
309.264214047  0.00312888812008
309.364548495  0.00289958626123
309.464882943  0.00269795785854
309.565217391  0.00251995704442
309.665551839  0.00236226962806
309.765886288  0.00222216217393
309.866220736  0.00209736638657
309.966555184  0.00198598972286
310.066889632  0.00188644569895
310.16722408  0.00179739913866
310.267558528  0.00171772286938
310.367892977  0.00164646327274
310.468227425  0.00158281274998
310.568561873  0.00152608763962
310.668896321  0.00147571047846
310.769230769  0.00143119576141
310.869565217  0.0013921385562
310.969899666  0.00135820548273
311.070234114  0.00132912768756
311.170568562  0.00130469553998
311.27090301  0.00128475485561
311.371237458  0.00126920452109
311.471571906  0.00125799545492
311.571906355  0.00125113089755
311.672240803  0.00124866808397
311.772575251  0.00125072141719
311.872909699  0.00125746733697
311.973244147  0.00126915117034
312.073578595  0.00128609636808
312.173913043  0.00130871668385
312.274247492  0.00133753205818
312.37458194  0.00137318924818
312.474916388  0.00141648863133
312.575250836  0.00146841915672
312.675585284  0.00153020419515
312.775919732  0.00160336216864
312.876254181  0.00168978750181
312.976588629  0.00179185992552
313.076923077  0.00191259395324
313.177257525  0.0020558462337
313.277591973  0.00222660780357
313.377926421  0.00243142335952
313.47826087  0.00267900471092
313.578595318  0.00298114820793
313.678929766  0.00335414056705
313.779264214  0.00382097204539
313.879598662  0.00441492581115
313.97993311  0.00518558987713
314.080267559  0.00620926968625
314.180602007  0.00760759456083
314.280936455  0.00958140170821
314.381270903  0.0124709826794
314.481605351  0.0168446402208
314.581939799  0.0235028701409
314.682274247  0.0327321670948
314.782608696  0.0419290039729
314.882943144  0.0477201191195
314.983277592  0.0545323920173
315.08361204  0.0665022602067
315.183946488  0.0748739067639
315.284280936  0.066102533547
315.384615385  0.0478786457907
315.484949833  0.0327544474101
315.585284281  0.0228727012196
315.685618729  0.016675544887
315.785953177  0.0127240108311
315.886287625  0.0101417368418
315.986622074  0.00843286425584
316.086956522  0.00731146984683
316.18729097  0.00660528344998
316.287625418  0.00625103772849
316.387959866  0.00628524411608
316.488294314  0.00681600812592
316.588628763  0.00805642577205
316.688963211  0.0103106351357
316.789297659  0.0135045664742
316.889632107  0.0157139214256
316.989966555  0.0142114952575
317.090301003  0.0105893086855
317.190635452  0.00750797325228
317.2909699  0.00546214692624
317.391304348  0.00415182314769
317.491638796  0.00328886317648
317.591973244  0.00269574943536
317.692307692  0.00227053112795
317.79264214  0.00195404032274
317.892976589  0.00171079554993
317.993311037  0.00151870433715
318.093645485  0.00136349741252
318.193979933  0.00123564148068
318.294314381  0.00112856993438
318.394648829  0.00103763436367
318.494983278  0.000959462997356
318.595317726  0.00089155627366
318.695652174  0.000832024820435
318.795986622  0.000779415398454
318.89632107  0.000732592606568
318.996655518  0.000690656790323
319.096989967  0.000652885977567
319.197324415  0.0006186940852
319.297658863  0.000587600351548
319.397993311  0.00055920664733
319.498327759  0.00053318040439
319.598662207  0.000509241609303
319.698996656  0.000487152778455
319.799331104  0.000466711147755
319.899665552  0.000447742526816
320.0  0.000430096417878
