290.0  0.000324718761513
290.100334448  0.000336742884099
290.200668896  0.000349538867687
290.301003344  0.000363176855007
290.401337793  0.000377735222602
290.501672241  0.000393301770614
290.602006689  0.000409975117996
290.702341137  0.000427866344642
290.802675585  0.000447100931611
290.903010033  0.000467821062842
291.003344482  0.000490188367316
291.10367893  0.000514387200534
291.204013378  0.00054062858981
291.304347826  0.000569155001107
291.404682274  0.000600246128529
291.505016722  0.000634225964526
291.605351171  0.000671471484402
291.705685619  0.000712423379407
291.806020067  0.000757599408391
291.906354515  0.000807611122196
292.006688963  0.00086318496764
292.107023411  0.000925189127899
292.20735786  0.000994667946081
292.307692308  0.00107288647266
292.408026756  0.00116138867215
292.508361204  0.00126207426904
292.608695652  0.00137730134055
292.7090301  0.00151002494442
292.809364548  0.00166398690221
292.909698997  0.00184397932819
293.010033445  0.00205621625872
293.110367893  0.00230886664464
293.210702341  0.00261283302482
293.311036789  0.00298291242225
293.411371237  0.00343956606953
293.511705686  0.00401168415062
293.612040134  0.00474102265294
293.712374582  0.00568953542027
293.81270903  0.00695187842007
293.913043478  0.00867744441984
294.013377926  0.0111104245062
294.113712375  0.0146643022727
294.214046823  0.0200594006036
294.314381271  0.0285502847114
294.414715719  0.0421034601202
294.515050167  0.0622822971902
294.615384615  0.0836055954768
294.715719064  0.0871310242933
294.816053512  0.0684704637771
294.91638796  0.0468730374603
295.016722408  0.0316026719706
295.117056856  0.0219800361782
295.217391304  0.015912297471
295.317725753  0.0119580028583
295.418060201  0.00927964981733
295.518394649  0.0073985640902
295.618729097  0.00603452887842
295.719063545  0.00501774967228
295.819397993  0.00424162862179
295.919732441  0.00363698031788
296.02006689  0.00315752639278
296.120401338  0.00277146384434
296.220735786  0.00245640464804
296.321070234  0.00219624638412
296.421404682  0.00197918299982
296.52173913  0.00179640815942
296.622073579  0.00164125051254
296.722408027  0.00150858489644
296.822742475  0.0013944237602
296.923076923  0.00129562870628
297.023411371  0.00120970359087
297.123745819  0.00113464395543
297.224080268  0.0010688259815
297.324414716  0.00101092358098
297.424749164  0.000959845786195
297.525083612  0.000914688969295
297.62541806  0.000874700021162
297.725752508  0.000839247717505
297.826086957  0.000807800263132
297.926421405  0.000779907542574
298.026755853  0.000755186987818
298.127090301  0.000733312249328
298.227424749  0.000714004056881
298.327759197  0.000697022803873
298.428093645  0.000682162497799
298.528428094  0.000669245801147
298.628762542  0.00065811994839
298.72909699  0.000648653371445
298.829431438  0.000640732901704
298.929765886  0.000634261444278
299.030100334  0.000629156041491
299.130434783  0.000625346259371
299.230769231  0.000622772844046
299.331103679  0.000621386605385
299.431438127  0.000621147493534
299.531772575  0.000622023840728
299.632107023  0.00062399174615
299.732441472  0.000627034586106
299.83277592  0.000631142635445
299.933110368  0.000636312789259
300.033444816  0.000642548376556
300.133779264  0.000649859059881
300.234113712  0.000658260816926
300.334448161  0.000667776002049
300.434782609  0.000678433487365
300.535117057  0.000690268884854
300.635451505  0.000703324852605
300.735785953  0.000717651490169
300.836120401  0.000733306829925
300.936454849  0.000750357433482
301.036789298  0.000768879104567
301.137123746  0.000788957732583
301.237458194  0.000810690284259
301.337792642  0.000834185964578
301.43812709  0.0008595675727
301.538461538  0.000886973084046
301.638795987  0.000916557496259
301.739130435  0.000948494984862
301.839464883  0.000982981424268
301.939799331  0.00102023734207
302.040133779  0.00106051138972
302.140468227  0.00110408443183
302.240802676  0.00115127438023
302.341137124  0.00120244192961
302.441471572  0.00125799739034
302.54180602  0.00131840886448
302.642140468  0.00138421207633
302.742474916  0.00145602225462
302.842809365  0.00153454857776
302.943143813  0.00162061184672
303.043478261  0.00171516626059
303.143812709  0.00181932646153
303.244147157  0.00193440143257
303.344481605  0.00206193743983
303.444816054  0.00220377312961
303.545150502  0.00236211133011
303.64548495  0.00253961445043
303.745819398  0.0027395342889
303.846153846  0.00296589346523
303.946488294  0.00322374400098
304.046822742  0.00351952950326
304.147157191  0.00386157913766
304.247491639  0.00426095752674
304.347826087  0.00473230229156
304.448160535  0.00528992699223
304.548494983  0.00593330556814
304.648829431  0.00665684514951
304.74916388  0.00750786058348
304.849498328  0.00856015420876
304.949832776  0.00988182293287
305.050167224  0.011557793242
305.150501672  0.0137130694957
305.25083612  0.0165374592896
305.351170569  0.0203257551498
305.451505017  0.0255496409915
305.551839465  0.0329900222613
305.652173913  0.0439830277419
305.752508361  0.0608583625712
305.852842809  0.0875400692473
305.953177258  0.12918987466
306.053511706  0.184988716075
306.153846154  0.227882193046
306.254180602  0.218598608555
306.35451505  0.173081516007
306.454849498  0.132260908854
306.555183946  0.103185899503
306.655518395  0.0773650313514
306.755852843  0.0557776259864
306.856187291  0.0405779928325
306.956521739  0.0304451189151
307.056856187  0.0235931103202
307.157190635  0.0188033987878
307.257525084  0.0153395398655
307.357859532  0.0127578894575
307.45819398  0.0107836035716
307.558528428  0.00924045663737
307.658862876  0.00801163452013
307.759197324  0.00701734090447
307.859531773  0.0062015967142
307.959866221  0.00552420087925
308.060200669  0.00495568136121
308.160535117  0.00447403371275
308.260869565  0.00406256012095
308.361204013  0.00370840451522
308.461538462  0.00340153889803
308.56187291  0.00313404877478
308.662207358  0.00289962089823
308.762541806  0.00269317040199
308.862876254  0.00251056559478
308.963210702  0.00234842223745
309.063545151  0.00220394795742
309.163879599  0.00207482331434
309.264214047  0.00195910998262
309.364548495  0.001855179222
309.464882943  0.00176165568642
309.565217391  0.00167737294281
309.665551839  0.00160133801292
309.765886288  0.00153270292948
309.866220736  0.00147074179127
309.966555184  0.00141483216531
310.066889632  0.00136443995407
310.16722408  0.00131910704774
310.267558528  0.00127844123545
310.367892977  0.00124210796589
310.468227425  0.00120982363904
310.568561873  0.00118135018115
310.668896321  0.00115649071166
310.769230769  0.00113508615622
310.869565217  0.00111701269751
310.969899666  0.00110217998754
311.070234114  0.00109053007389
311.170568562  0.00108203701814
311.27090301  0.00107670721101
311.371237458  0.00107458041532
311.471571906  0.00107573159725
311.571906355  0.00108027364021
311.672240803  0.0010883610763
311.772575251  0.00110019502067
311.872909699  0.00111602955866
311.973244147  0.00113617991874
312.073578595  0.00116103287554
312.173913043  0.00119105997523
312.274247492  0.00122683437831
312.37458194  0.00126905239285
312.474916388  0.00131856116031
312.575250836  0.00137639450506
312.675585284  0.00144381974547
312.775919732  0.00152239940658
312.876254181  0.00161407345935
312.976588629  0.00172127023499
313.076923077  0.00184705801239
313.177257525  0.0019953552568
313.277591973  0.00217122697375
313.377926421  0.00238131002473
313.47826087  0.00263443580681
313.578595318  0.00294256227747
313.678929766  0.00332220373217
313.779264214  0.00379668479134
313.879598662  0.00439980202069
313.97993311  0.00518196851772
314.080267559  0.00622087725101
314.180602007  0.00764058488309
314.280936455  0.00964625062358
314.381270903  0.0125854430956
314.481605351  0.0170346887081
314.581939799  0.0237778132959
314.682274247  0.0329509417963
314.782608696  0.0416890508556
314.882943144  0.0470910842409
314.983277592  0.0541622065354
315.08361204  0.0669641587164
315.183946488  0.0768919898115
315.284280936  0.0691455171404
315.384615385  0.0504115175203
315.484949833  0.0343824015273
315.585284281  0.0238204674512
315.685618729  0.0171716741316
315.785953177  0.0129025966062
315.886287625  0.0100647142727
315.986622074  0.00811438115043
316.086956522  0.00673847195569
316.18729097  0.00575246929417
316.287625418  0.00504591202004
316.387959866  0.00455376351289
316.488294314  0.00424173649436
316.588628763  0.00409790148929
316.688963211  0.00411938064776
316.789297659  0.00429076193147
316.889632107  0.00463767804451
316.989966555  0.00532160816846
317.090301003  0.00659608029909
317.190635452  0.00878400189084
317.2909699  0.0119924804958
317.391304348  0.0148106543248
317.491638796  0.0142263341388
317.591973244  0.0108361550135
317.692307692  0.00760151402235
317.79264214  0.00540682715125
317.892976589  0.00401341305985
317.993311037  0.00311248532426
318.093645485  0.00250611673725
318.193979933  0.00208038372717
318.294314381  0.00176972277162
318.394648829  0.00153528339191
318.494983278  0.00135319148047
318.595317726  0.0012082343964
318.695652174  0.00109038583161
318.795986622  0.000992832206721
318.89632107  0.000910814088162
318.996655518  0.000840923972196
319.096989967  0.000780667793264
319.197324415  0.000728183502047
319.297658863  0.000682055866585
319.397993311  0.000641191776559
319.498327759  0.000604734513088
319.598662207  0.000572003671458
319.698996656  0.000542452317301
319.799331104  0.000515635937412
319.899665552  0.000491189602465
320.0  0.000468810938464
