290.0  0.000208912289976
290.100334448  0.000214267155393
290.200668896  0.000219855854397
290.301003344  0.00022569283505
290.401337793  0.000231793696528
290.501672241  0.00023817530151
290.602006689  0.000244855901593
290.702341137  0.000251855277493
290.802675585  0.000259194896053
290.903010033  0.000266898086412
291.003344482  0.000274990238035
291.10367893  0.00028349902378
291.204013378  0.000292454651675
291.304347826  0.0003018901497
291.404682274  0.000311841688628
291.505016722  0.000322348948821
291.605351171  0.000333455537994
291.705685619  0.000345209468145
291.806020067  0.000357663701476
291.906354515  0.000370876776897
292.006688963  0.000384913531014
292.107023411  0.000399845930227
292.20735786  0.000415754033917
292.307692308  0.000432727112863
292.408026756  0.0004508649521
292.508361204  0.000470279373795
292.608695652  0.000491096023599
292.7090301  0.000513456473802
292.809364548  0.000537520709109
292.909698997  0.00056347007656
293.010033445  0.000591510801204
293.110367893  0.000621878194807
293.210702341  0.000654841717948
293.311036789  0.000690711098761
293.411371237  0.000729843767589
293.511705686  0.000772653940487
293.612040134  0.000819623782101
293.712374582  0.00087131720886
293.81270903  0.00092839706907
293.913043478  0.00099164667527
294.013377926  0.00106199699193
294.113712375  0.00114056123584
294.214046823  0.00122867928315
294.314381271  0.00132797517943
294.414715719  0.0014404323441
294.515050167  0.00156849294295
294.615384615  0.00171519067899
294.715719064  0.00188433040613
294.816053512  0.00208073429204
294.91638796  0.00231058404141
295.016722408  0.00258190412712
295.117056856  0.00290525582619
295.217391304  0.00329475274746
295.317725753  0.00376957743261
295.418060201  0.00435629768008
295.518394649  0.00509249267943
295.618729097  0.00603258538363
295.719063545  0.00725750434162
295.819397993  0.00889120408094
295.919732441  0.0111298530516
296.02006689  0.014295021458
296.120401338  0.0189326801163
296.220735786  0.0259953960414
296.321070234  0.0371376480973
296.421404682  0.0549030524345
296.52173913  0.0810045999231
296.622073579  0.107172759305
296.722408027  0.108971096267
296.822742475  0.0841538336988
296.923076923  0.0573282122596
297.023411371  0.0386915691593
297.123745819  0.02697636659
297.224080268  0.0195738101756
297.324414716  0.0147344320916
297.424749164  0.0114462038433
297.525083612  0.00913008628461
297.62541806  0.0074462358283
297.725752508  0.00618813531478
297.826086957  0.00522577259307
297.926421405  0.00447455090347
298.026755853  0.00387775351014
298.127090301  0.00339632408564
298.227424749  0.00300271802265
298.327759197  0.00267709130913
298.428093645  0.00240487283037
298.528428094  0.00217517888652
298.628762542  0.0019797539972
298.72909699  0.00181224854808
298.829431438  0.00166771681176
298.929765886  0.00154226207472
299.030100334  0.00143278178969
299.130434783  0.00133678190395
299.230769231  0.00125223978104
299.331103679  0.0011775017531
299.431438127  0.00111120568436
299.531772575  0.00105222182301
299.632107023  0.000999607180462
299.732441472  0.000952570024046
299.83277592  0.000910442006887
299.933110368  0.000872656119246
300.033444816  0.000838729116473
300.133779264  0.000808247417971
300.234113712  0.000780855718532
300.334448161  0.000756247734912
300.434782609  0.000734158645111
300.535117057  0.00071435887853
300.635451505  0.000696648991114
300.735785953  0.000680855417296
300.836120401  0.000666826934751
300.936454849  0.000654431712066
301.036789298  0.000643554835852
301.137123746  0.000634096234551
301.237458194  0.000625968932448
301.337792642  0.000619097580319
301.43812709  0.000613417219457
301.538461538  0.00060887224409
301.638795987  0.000605415534005
301.739130435  0.000603007734715
301.839464883  0.000601616667158
301.939799331  0.000601216852928
302.040133779  0.000601789144489
302.140468227  0.00060332045306
302.240802676  0.000605803569936
302.341137124  0.000609237080125
302.441471572  0.000613625370623
302.54180602  0.000618978739636
302.642140468  0.00062531361793
302.742474916  0.000632652919906
302.842809365  0.000641026550612
302.943143813  0.000650472107029
303.043478261  0.000661035829458
303.143812709  0.000672773884754
303.244147157  0.000685754102465
303.344481605  0.000700058346026
303.444816054  0.000715785798352
303.545150502  0.000733057599898
303.64548495  0.00075202354319
303.745819398  0.000772871986507
303.846153846  0.000795844962472
303.946488294  0.000821261933905
304.046822742  0.000849558349472
304.147157191  0.000881349840333
304.247491639  0.000917538839992
304.347826087  0.000959473528517
304.448160535  0.00100908187106
304.548494983  0.00106880950269
304.648829431  0.00114268276976
304.74916388  0.00124019160526
304.849498328  0.00137662440243
304.949832776  0.00156273427801
305.050167224  0.00175722090179
305.150501672  0.00182792152381
305.25083612  0.0017540454761
305.351170569  0.00167007286743
305.451505017  0.00163633281829
305.551839465  0.001647630878
305.652173913  0.00169040536654
305.752508361  0.00175583939311
305.852842809  0.00183937709035
305.953177258  0.0019390761778
306.053511706  0.0020545654928
306.153846154  0.00218650328693
306.254180602  0.00233632427063
306.35451505  0.00250614923657
306.454849498  0.0026987949564
306.555183946  0.002917857723
306.655518395  0.00316786411381
306.755852843  0.00345449600899
306.856187291  0.00378490867552
306.956521739  0.00416817425344
307.056856187  0.00461590150676
307.157190635  0.00514311049451
307.257525084  0.00576948458149
307.357859532  0.00652119336901
307.45819398  0.007433599031
307.558528428  0.00855536258253
307.658862876  0.00995482650515
307.759197324  0.0117302034226
307.859531773  0.0140263215277
307.959866221  0.0170630245985
308.060200669  0.021184938698
308.160535117  0.0269514382722
308.260869565  0.0353028717354
308.361204013  0.0478646070531
308.461538462  0.0674383237822
308.56187291  0.0983285673632
308.662207358  0.143779988405
308.762541806  0.193600396685
308.862876254  0.218063770791
308.963210702  0.201243218101
309.063545151  0.1539292329
309.163879599  0.10610530898
309.264214047  0.0724712141447
309.364548495  0.051070131986
309.464882943  0.0374117332078
309.565217391  0.0284016969659
309.665551839  0.022228366824
309.765886288  0.0178468510357
309.866220736  0.0146395776235
309.966555184  0.0122287319784
310.066889632  0.0103749145988
310.16722408  0.00892138357646
310.267558528  0.00776243826029
310.367892977  0.0068248958893
310.468227425  0.0060568886778
310.568561873  0.00542088449454
310.668896321  0.00488921913928
310.769230769  0.00444116492456
310.869565217  0.00406096378018
310.969899666  0.00373648054932
311.070234114  0.00345826391145
311.170568562  0.00321888068111
311.27090301  0.00301243690339
311.371237458  0.00283422883456
311.471571906  0.00268048574788
311.571906355  0.0025481787166
311.672240803  0.00243487758812
311.772575251  0.00233864378317
311.872909699  0.0022579502701
311.973244147  0.0021916226692
312.073578595  0.00213879732043
312.173913043  0.00209889355694
312.274247492  0.00207159854685
312.37458194  0.00205686403171
312.474916388  0.00205491521782
312.575250836  0.00206627307808
312.675585284  0.0020917925314
312.775919732  0.00213272055891
312.876254181  0.00219078055395
312.976588629  0.00226829249108
313.076923077  0.00236834350251
313.177257525  0.0024950312785
313.277591973  0.00265381528178
313.377926421  0.00285203148328
313.47826087  0.00309966137734
313.578595318  0.00341050700432
313.678929766  0.00380403289738
313.779264214  0.00430833738272
313.879598662  0.00496509868155
313.97993311  0.00583808788601
314.080267559  0.00702831365317
314.180602007  0.00870169015559
314.280936455  0.0111397146483
314.381270903  0.0148251194576
314.481605351  0.0205290373433
314.581939799  0.0290374437921
314.682274247  0.0391364470243
314.782608696  0.0449421534241
314.882943144  0.0442713609962
314.983277592  0.0444454235719
315.08361204  0.0507614153856
315.183946488  0.0612756473677
315.284280936  0.0644522212322
315.384615385  0.0532015051566
315.484949833  0.0379799668264
315.585284281  0.0267078431115
315.685618729  0.0197343974858
315.785953177  0.0157546789442
315.886287625  0.0138708396741
315.986622074  0.0136109879024
316.086956522  0.0142029321918
316.18729097  0.0136930841185
316.287625418  0.0112140407087
316.387959866  0.0084596191385
316.488294314  0.00642015228032
316.588628763  0.00504351123915
316.688963211  0.00410182832176
316.789297659  0.0034318022992
316.889632107  0.00293545184192
316.989966555  0.00255471192163
317.090301003  0.00225413438434
317.190635452  0.00201120328451
317.2909699  0.00181104282548
317.391304348  0.00164346623943
317.491638796  0.00150127399059
317.591973244  0.00137923615359
317.692307692  0.00127346212948
317.79264214  0.00118099732317
317.892976589  0.00109955728558
317.993311037  0.00102734772408
318.093645485  0.000962939692017
318.193979933  0.000905181162864
318.294314381  0.000853133164731
318.394648829  0.000806022848854
318.494983278  0.000763208460772
318.595317726  0.00072415282506
318.695652174  0.000688403016934
318.795986622  0.000655574595425
318.89632107  0.000625339244506
318.996655518  0.000597414991282
319.096989967  0.000571558394719
319.197324415  0.000547558256587
319.297658863  0.000525230519471
319.397993311  0.000504414098599
319.498327759  0.000484967454248
319.598662207  0.000466765755922
319.698996656  0.000449698522727
319.799331104  0.000433667649483
319.899665552  0.000418585747207
320.0  0.000404374741302
