290.0  0.000210448416459
290.100334448  0.000215867231215
290.200668896  0.000221523750367
290.301003344  0.000227432727303
290.401337793  0.000233610096142
290.501672241  0.000240073087538
290.602006689  0.000246840357966
290.702341137  0.000253932134324
290.802675585  0.00026137037595
290.903010033  0.000269178956506
291.003344482  0.000277383868546
291.10367893  0.000286013454076
291.204013378  0.000295098664935
291.304347826  0.000304673357495
291.404682274  0.000314774626944
291.505016722  0.000325443187335
291.605351171  0.000336723804724
291.705685619  0.000348665792013
291.806020067  0.000361323575758
291.906354515  0.000374757347158
292.006688963  0.000389033811786
292.107023411  0.000404227055571
292.20735786  0.000420419548054
292.307692308  0.000437703308357
292.408026756  0.000456181264689
292.508361204  0.000475968844965
292.608695652  0.00049719584449
292.7090301  0.0005200086272
292.809364548  0.000544572730216
292.909698997  0.000571075958316
293.010033445  0.00059973207635
293.110367893  0.000630785235174
293.210702341  0.000664515302173
293.311036789  0.000701244313584
293.411371237  0.000741344326188
293.511705686  0.000785247025488
293.612040134  0.000833455553117
293.712374582  0.000886559157645
293.81270903  0.000945251463972
293.913043478  0.00101035341677
294.013377926  0.00108284231166
294.113712375  0.00116388882588
294.214046823  0.00125490466014
294.314381271  0.00135760439931
294.414715719  0.00147408663295
294.515050167  0.00160694146955
294.615384615  0.00175939467605
294.715719064  0.0019355033311
294.816053512  0.00214042499933
294.91638796  0.00238079350856
295.016722408  0.00266525197904
295.117056856  0.0030052221996
295.217391304  0.00341603655334
295.317725753  0.00391863861103
295.418060201  0.00454219764197
295.518394649  0.00532823128691
295.618729097  0.00633728927684
295.719063545  0.00766012077829
295.819397993  0.00943694199029
295.919732441  0.0118917832487
296.02006689  0.0153955420225
296.120401338  0.0205835569737
296.220735786  0.0285684428092
296.321070234  0.0412540578825
296.421404682  0.0613112075091
296.52173913  0.089059519454
296.622073579  0.111061104382
296.722408027  0.103722251643
296.822742475  0.0761149276939
296.923076923  0.05131658521
297.023411371  0.0348758108557
297.123745819  0.0245849570185
297.224080268  0.0180296994103
297.324414716  0.0136981959368
297.424749164  0.0107244837199
297.525083612  0.00861055104389
297.62541806  0.00706139957324
297.725752508  0.00589598060862
297.826086957  0.00499923712281
297.926421405  0.00429565769712
298.026755853  0.00373422519187
298.127090301  0.00327956582669
298.227424749  0.00290657874307
298.327759197  0.00259708118947
298.428093645  0.00233765621108
298.528428094  0.00211823787239
298.628762542  0.00193116051175
298.72909699  0.00177050685749
298.829431438  0.00163165279522
298.929765886  0.00151094409714
299.030100334  0.00140546331406
299.130434783  0.00131285930002
299.230769231  0.00123122091454
299.331103679  0.00115898232827
299.431438127  0.00109485123337
299.531772575  0.00103775385702
299.632107023  0.000986792441332
299.732441472  0.000941212069942
299.83277592  0.000900374571493
299.933110368  0.00086373783087
300.033444816  0.000830839268604
300.133779264  0.000801282559218
300.234113712  0.000774726885815
300.334448161  0.000750878195139
300.434782609  0.000729482041421
300.535117057  0.00071031770036
300.635451505  0.000693193304913
300.735785953  0.000677941808098
300.836120401  0.000664417619096
300.936454849  0.000652493790669
301.036789298  0.000642059660599
301.137123746  0.000633018869133
301.237458194  0.000625287689692
301.337792642  0.000618793622132
301.43812709  0.000613474207518
301.538461538  0.000609276031104
301.638795987  0.000606153886536
301.739130435  0.000604070079424
301.839464883  0.000602993852738
301.939799331  0.000602900920066
302.040133779  0.000603773095917
302.140468227  0.000605598014991
302.240802676  0.000608368934913
302.341137124  0.000612084619397
302.441471572  0.000616749301388
302.54180602  0.000622372728523
302.642140468  0.000628970296619
302.742474916  0.000636563281005
302.842809365  0.000645179181065
302.943143813  0.0006548522009
303.043478261  0.000665623899931
303.143812709  0.000677544063378
303.244147157  0.000690671867185
303.344481605  0.000705077450701
303.444816054  0.000720844073126
303.545150502  0.000738071134371
303.64548495  0.000756878521042
303.745819398  0.000777413058154
303.846153846  0.000799858432134
303.946488294  0.000824451039688
304.046822742  0.000851506207128
304.147157191  0.000881462341786
304.247491639  0.000914951642751
304.347826087  0.000952878747615
304.448160535  0.000996321438036
304.548494983  0.00104588853401
304.648829431  0.00110243554155
304.74916388  0.00117130468863
304.849498328  0.00126161585281
304.949832776  0.00138006177846
305.050167224  0.00150890588434
305.150501672  0.00158152338619
305.25083612  0.00157838494558
305.351170569  0.00156817210817
305.451505017  0.00158668075247
305.551839465  0.0016328291091
305.652173913  0.00169997258249
305.752508361  0.00178389110115
305.852842809  0.00188274060609
305.953177258  0.00199620678444
306.053511706  0.00212496595851
306.153846154  0.00227042214977
306.254180602  0.0024346101809
306.35451505  0.00262019923777
306.454849498  0.00283056696693
306.555183946  0.0030699353076
306.655518395  0.00334357271922
306.755852843  0.00365807841514
306.856187291  0.00402177608072
306.956521739  0.00444526029939
307.056856187  0.0049421621181
307.157190635  0.0055302362659
307.257525084  0.00623293053204
307.357859532  0.0070816935537
307.45819398  0.00811943946279
307.558528428  0.00940587001392
307.658862876  0.0110258595695
307.759197324  0.0131030377557
307.859531773  0.0158224664497
307.959866221  0.0194697372273
308.060200669  0.0245006096492
308.160535117  0.0316686624369
308.260869565  0.0422624184286
308.361204013  0.0585293955269
308.461538462  0.0842701198322
308.56187291  0.124591718262
308.662207358  0.179381060252
308.762541806  0.224320214014
308.862876254  0.219808049173
308.963210702  0.170493824418
309.063545151  0.117227544394
309.163879599  0.079471314904
309.264214047  0.0555346622188
309.364548495  0.0403611288521
309.464882943  0.0304250340208
309.565217391  0.0236650878674
309.665551839  0.0188980786574
309.765886288  0.0154287234122
309.866220736  0.0128342015994
309.966555184  0.0108481476431
310.066889632  0.00929711812702
310.16722408  0.00806474491652
310.267558528  0.00707083784072
310.367892977  0.00625880740301
310.468227425  0.00558786568628
310.568561873  0.00502805586294
310.668896321  0.00455700440606
310.769230769  0.00415775034857
310.869565217  0.00381726433729
310.969899666  0.00352541933717
311.070234114  0.00327426312727
311.170568562  0.00305749627159
311.27090301  0.00287009245112
311.371237458  0.0027080190647
311.471571906  0.00256802957679
311.571906355  0.0024475080125
311.672240803  0.00234435197307
311.772575251  0.00225688461498
311.872909699  0.00218378886449
311.973244147  0.00212405915051
312.073578595  0.00207696741303
312.173913043  0.00204204127151
312.274247492  0.00201905315571
312.37458194  0.00200802001555
312.474916388  0.0020092140313
312.575250836  0.00202318563627
312.675585284  0.00205080125768
312.775919732  0.00209329963484
312.876254181  0.00215237262077
312.976588629  0.00223027937943
313.076923077  0.00233000744629
313.177257525  0.0024555012142
313.277591973  0.00261198973168
313.377926421  0.0028064642375
313.47826087  0.00304838698774
313.578595318  0.00335076665853
313.678929766  0.00373183102873
313.779264214  0.00421770225044
313.879598662  0.00484680915652
313.97993311  0.00567740825797
314.080267559  0.00680083852334
314.180602007  0.00836556300205
314.280936455  0.010621222534
314.381270903  0.0139951797671
314.481605351  0.0191881816032
314.581939799  0.027061697439
314.682274247  0.0373222758419
314.782608696  0.0455895263953
314.882943144  0.0469664773594
314.983277592  0.0464434431462
315.08361204  0.0512858723524
315.183946488  0.0612677382044
315.284280936  0.065662322249
315.384615385  0.0553956381401
315.484949833  0.0399049420175
315.585284281  0.028130538774
315.685618729  0.0208745325598
315.785953177  0.0168663183355
315.886287625  0.0151505433569
315.986622074  0.0149132412908
316.086956522  0.0144614790577
316.18729097  0.0122464850258
316.287625418  0.0093828518994
316.387959866  0.00712728380921
316.488294314  0.00557882804813
316.588628763  0.00451718364595
316.688963211  0.00376294100559
316.789297659  0.0032055032779
316.889632107  0.00277896255636
316.989966555  0.00244307565971
317.090301003  0.00217230344515
317.190635452  0.00194978631002
317.2909699  0.00176398544355
317.391304348  0.00160674905476
317.491638796  0.00147215772723
317.591973244  0.00135580993718
317.692307692  0.00125436503914
317.79264214  0.00116524201767
317.892976589  0.00108641548638
317.993311037  0.00101627417353
318.093645485  0.000953520621651
318.193979933  0.000897098720102
318.294314381  0.000846140439104
318.394648829  0.00079992606814
318.494983278  0.000757854118822
318.595317726  0.000719418254285
318.695652174  0.000684189401073
318.795986622  0.000651801733765
318.89632107  0.000621941588429
318.996655518  0.000594338615512
319.096989967  0.000568758662405
319.197324415  0.000544998004461
319.297658863  0.000522878636382
319.397993311  0.00050224440413
319.498327759  0.000482957808064
319.598662207  0.000464897345875
319.698996656  0.000447955292417
319.799331104  0.000432035835342
319.899665552  0.000417053502136
320.0  0.000402931827128
