290.0  0.000297704769915
290.100334448  0.000307862154732
290.200668896  0.000318618359038
290.301003344  0.000330023381981
290.401337793  0.000342132613772
290.501672241  0.00035500755045
290.602006689  0.000368716621721
290.702341137  0.000383336152743
290.802675585  0.000398951485231
290.903010033  0.000415658288715
291.003344482  0.000433564099723
291.10367893  0.000452790135279
291.204013378  0.000473473437994
291.304347826  0.000495769423864
291.404682274  0.000519854921509
291.505016722  0.000545931814192
291.605351171  0.000574231425227
291.705685619  0.000605019825429
291.806020067  0.000638604291221
291.906354515  0.000675341208161
292.006688963  0.000715645803049
292.107023411  0.000760004207463
292.20735786  0.000808988519621
292.307692308  0.000863275760379
292.408026756  0.00092367194479
292.508361204  0.000991142963192
292.608695652  0.00106685465346
292.7090301  0.00115222535507
292.809364548  0.00124899469094
292.909698997  0.00135930763051
293.010033445  0.00148578813745
293.110367893  0.00163158936123
293.210702341  0.00180075287631
293.311036789  0.0019988443995
293.411371237  0.00223307343866
293.511705686  0.00251274639801
293.612040134  0.00285028383643
293.712374582  0.00326263139589
293.81270903  0.0037733553586
293.913043478  0.00441592856506
294.013377926  0.00523904378778
294.113712375  0.00631546514391
294.214046823  0.00775724945386
294.314381271  0.00974279059561
294.414715719  0.0125663336675
294.515050167  0.016730269162
294.615384615  0.0231134279648
294.715719064  0.0332297488926
294.816053512  0.0492892045849
294.91638796  0.0720808246224
295.016722408  0.0920452117152
295.117056856  0.088741458663
295.217391304  0.0662911201035
295.317725753  0.044840436002
295.418060201  0.030399715788
295.518394649  0.021352911728
295.618729097  0.015608963191
295.719063545  0.0118291631285
295.819397993  0.00924450872625
295.919732441  0.0074137081394
296.02006689  0.00607628378326
296.120401338  0.00507296813806
296.220735786  0.00430290272467
296.321070234  0.00370010698168
296.421404682  0.00322013147723
296.52173913  0.00283223571769
296.622073579  0.00251465691377
296.722408027  0.00225166307494
296.822742475  0.00203166742718
296.923076923  0.00184599196578
297.023411371  0.00168803838133
297.123745819  0.00155272074303
297.224080268  0.00143607004962
297.324414716  0.00133495388512
297.424749164  0.00124687457827
297.525083612  0.00116982180484
297.62541806  0.00110216353282
297.725752508  0.0010425643582
297.826086957  0.000989923666657
297.926421405  0.000943328322298
298.026755853  0.000902016122311
298.127090301  0.000865347315274
298.227424749  0.00083278221928
298.327759197  0.000803863497384
298.428093645  0.00077820202021
298.528428094  0.000755465514325
298.628762542  0.000735369390938
298.72909699  0.000717669293797
298.829431438  0.000702155012276
298.929765886  0.000688645485979
299.030100334  0.000676984687791
299.130434783  0.000667038218486
299.230769231  0.000658690481402
299.331103679  0.000651842332999
299.431438127  0.000646409126415
299.531772575  0.000642319081769
299.632107023  0.000639511930086
299.732441472  0.000637937788162
299.83277592  0.000637556230037
299.933110368  0.000638335527446
300.033444816  0.000640252037149
300.133779264  0.000643289717501
300.234113712  0.000647439760409
300.334448161  0.000652700327993
300.434782609  0.000659076385991
300.535117057  0.000666579628354
300.635451505  0.00067522848966
300.735785953  0.000685048243969
300.836120401  0.000696071190701
300.936454849  0.000708336930009
301.036789298  0.000721892732125
301.137123746  0.000736794007223
301.237458194  0.000753104884642
301.337792642  0.000770898912871
301.43812709  0.000790259894592
301.538461538  0.000811282874525
301.638795987  0.000834075301781
301.739130435  0.00085875839326
301.839464883  0.000885468730378
301.939799331  0.000914360128487
302.040133779  0.00094560582695
302.140468227  0.000979401058539
302.240802676  0.00101596607013
302.341137124  0.00105554968338
302.441471572  0.00109843350514
302.54180602  0.00114493692436
302.642140468  0.00119542306689
302.742474916  0.00125030592446
302.842809365  0.00131005893327
302.943143813  0.00137522535625
303.043478261  0.00144643092856
303.143812709  0.0015243993712
303.244147157  0.00160997157985
303.344481605  0.00170412958527
303.444816054  0.00180802680558
303.545150502  0.00192302675225
303.64548495  0.00205075335756
303.745819398  0.00219315773285
303.846153846  0.00235260895605
303.946488294  0.00253202138614
304.046822742  0.00273503960524
304.147157191  0.00296631545361
304.247491639  0.00323191853
304.347826087  0.00353983100877
304.448160535  0.00389997828611
304.548494983  0.00432338850396
304.648829431  0.00482654240694
304.74916388  0.00543568986513
304.849498328  0.00615550887489
304.949832776  0.00693025334051
305.050167224  0.0077575242398
305.150501672  0.00876929057208
305.25083612  0.0100843078414
305.351170569  0.0118007752262
305.451505017  0.014055858834
305.551839465  0.0170681034675
305.652173913  0.0211917859284
305.752508361  0.027013455335
305.852842809  0.0355211141841
305.953177258  0.0483355048643
306.053511706  0.0676366167251
306.153846154  0.0943257656344
306.254180602  0.125694214317
306.35451505  0.161152961753
306.454849498  0.193644002723
306.555183946  0.204496224433
306.655518395  0.188655556449
306.755852843  0.147473452834
306.856187291  0.103017412761
306.956521739  0.0707824974349
307.056856187  0.0500565075899
307.157190635  0.0367755542794
307.257525084  0.0279914909495
307.357859532  0.0219572297289
307.45819398  0.0176620074848
307.558528428  0.0145079082839
307.658862876  0.0121289354117
307.759197324  0.0102929896618
307.859531773  0.00884793178115
307.959866221  0.00769101081087
308.060200669  0.00675095821189
308.160535117  0.00597715835703
308.260869565  0.00533289949368
308.361204013  0.00479105052534
308.461538462  0.00433122164097
308.56187291  0.003937856759
308.662207358  0.00359892537183
308.762541806  0.00330500853252
308.862876254  0.0030486492751
308.963210702  0.00282388373961
309.063545151  0.00262589788649
309.163879599  0.00245077285995
309.264214047  0.00229529382788
309.364548495  0.00215680487896
309.464882943  0.002033097751
309.565217391  0.00192232569566
309.665551839  0.00182293621976
309.765886288  0.00173361814562
309.866220736  0.00165325963616
309.966555184  0.00158091469281
310.066889632  0.00151577625698
310.16722408  0.00145715450243
310.267558528  0.00140445924164
310.367892977  0.0013571856209
310.468227425  0.00131490246723
310.568561873  0.001277242794
310.668896321  0.00124389608245
310.769230769  0.00121460204162
310.869565217  0.001189145617
310.969899666  0.00116735307176
311.070234114  0.00114908900873
311.170568562  0.00113425423808
311.27090301  0.00112278442783
311.371237458  0.00111464950338
311.471571906  0.00110985379001
311.571906355  0.00110843692032
311.672240803  0.00111047555858
311.772575251  0.0011160860274
311.872909699  0.00112542796188
311.973244147  0.00113870916444
312.073578595  0.00115619189427
312.173913043  0.00117820090239
312.274247492  0.00120513362546
312.37458194  0.00123747308488
312.474916388  0.00127580421912
312.575250836  0.00132083462218
312.675585284  0.00137342099948
312.775919732  0.00143460312382
312.876254181  0.00150564773915
312.976588629  0.00158810581207
313.076923077  0.00168388791301
313.177257525  0.00179536454855
313.277591973  0.00192550132888
313.377926421  0.00207804354551
313.47826087  0.00225777207884
313.578595318  0.00247086431967
313.678929766  0.00272541301321
313.779264214  0.00303218736883
313.879598662  0.0034057681382
313.97993311  0.00386622820276
314.080267559  0.00444137671557
314.180602007  0.00516881627379
314.280936455  0.00609921692866
314.381270903  0.00731468808128
314.481605351  0.00895468387398
314.581939799  0.0112348792527
314.682274247  0.0144910475105
314.782608696  0.0192543802761
314.882943144  0.0264531471244
314.983277592  0.0377876165062
315.08361204  0.0554874782182
315.183946488  0.0789713888298
315.284280936  0.09665966978
315.384615385  0.0932089202846
315.484949833  0.0732834625449
315.585284281  0.0525422557573
315.685618729  0.0383500197214
315.785953177  0.0292301277821
315.886287625  0.0221344931178
315.986622074  0.016493038037
316.086956522  0.0124674577756
316.18729097  0.00969513334916
316.287625418  0.00775219589834
316.387959866  0.00634733021712
316.488294314  0.00530000485619
316.588628763  0.00449817309147
316.688963211  0.00387027592378
316.789297659  0.00336907190671
316.889632107  0.00296238399736
316.989966555  0.00262767790162
317.090301003  0.00234878313588
317.190635452  0.00211384575051
317.2909699  0.00191401167146
317.391304348  0.00174255698663
317.491638796  0.00159429955414
317.591973244  0.00146519233051
317.692307692  0.00135203685686
317.79264214  0.00125227788813
317.892976589  0.00116385387149
317.993311037  0.00108508653347
318.093645485  0.0010145982864
318.193979933  0.000951249709352
318.294314381  0.000894091706768
318.394648829  0.000842328529116
318.494983278  0.000795288922543
318.595317726  0.000752403425202
318.695652174  0.000713186356372
318.795986622  0.000677221420627
318.89632107  0.000644150120234
318.996655518  0.000613662366204
319.096989967  0.000585488823485
319.197324415  0.000559394633387
319.297658863  0.000535174236989
319.397993311  0.0005126470841
319.498327759  0.000491654058665
319.598662207  0.000472054487029
319.698996656  0.000453723622834
319.799331104  0.00043655052367
319.899665552  0.000420436251197
320.0  0.000405292339612
