290.0  0.000139683433712
290.100334448  0.000141833767025
290.200668896  0.000144037928436
290.301003344  0.000146298749049
290.401337793  0.000148619801751
290.501672241  0.000151005901399
290.602006689  0.000153464033518
290.702341137  0.000156005053991
290.802675585  0.000158646382355
290.903010033  0.00016141327318
291.003344482  0.000164320512354
291.10367893  0.000167284683455
291.204013378  0.000170089135191
291.304347826  0.000172745179672
291.404682274  0.000175474025527
291.505016722  0.000178356872088
291.605351171  0.000181382493058
291.705685619  0.000184531215595
291.806020067  0.000187791378162
291.906354515  0.000191157821104
292.006688963  0.000194629243516
292.107023411  0.000198206563667
292.20735786  0.000201892032684
292.307692308  0.000205688764898
292.408026756  0.000209600487056
292.508361204  0.000213631403559
292.608695652  0.000217786125054
292.7090301  0.00022206963302
292.809364548  0.000226487265747
292.909698997  0.000231044717734
293.010033445  0.000235748048045
293.110367893  0.000240603695108
293.210702341  0.000245618496531
293.311036789  0.000250799713161
293.411371237  0.000256155057018
293.511705686  0.000261692722976
293.612040134  0.000267421424269
293.712374582  0.000273350431999
293.81270903  0.00027948961896
293.913043478  0.000285849508177
294.013377926  0.000292441326655
294.113712375  0.000299277064936
294.214046823  0.000306369543169
294.314381271  0.000313732484531
294.414715719  0.000321380596966
294.515050167  0.000329329664385
294.615384615  0.000337596648694
294.715719064  0.000346199804205
294.816053512  0.000355158806348
294.91638796  0.000364494896896
295.016722408  0.000374231048403
295.117056856  0.000384392151062
295.217391304  0.000395005225892
295.317725753  0.000406099668999
295.418060201  0.000417707532731
295.518394649  0.000429863850911
295.618729097  0.000442607017108
295.719063545  0.000455979227148
295.819397993  0.00047002700011
295.919732441  0.000484801795936
296.02006689  0.000500360753106
296.120401338  0.000516767576953
296.220735786  0.000534093618904
296.321070234  0.000552419200448
296.421404682  0.000571835254531
296.52173913  0.000592445383909
296.622073579  0.000614368474754
296.722408027  0.000637742060507
296.822742475  0.000662726715427
296.923076923  0.000689511885169
297.023411371  0.000718323759205
297.123745819  0.000749436100745
297.224080268  0.000783185449963
297.324414716  0.000819992939481
297.424749164  0.000860396349726
297.525083612  0.000905098436625
297.62541806  0.000955041846402
297.725752508  0.00101152878301
297.826086957  0.00107641841614
297.926421405  0.00115246378572
298.026755853  0.001243906952
298.127090301  0.00135756408334
298.227424749  0.0015048427592
298.327759197  0.00170541876615
298.428093645  0.00199291909451
298.528428094  0.00241654294501
298.628762542  0.00299623065634
298.72909699  0.00352896270116
298.829431438  0.00356492464686
298.929765886  0.00318278247056
299.030100334  0.00282965333135
299.130434783  0.00264526170412
299.230769231  0.00259768238668
299.331103679  0.0026438793817
299.431438127  0.00275812088165
299.531772575  0.00292835649112
299.632107023  0.00315120673513
299.732441472  0.00342918369521
299.83277592  0.00376961529255
299.933110368  0.00418470626724
300.033444816  0.0046925214382
300.133779264  0.00531897973562
300.234113712  0.00610124952707
300.334448161  0.00709335533725
300.434782609  0.00837552382229
300.535117057  0.010070143745
300.635451505  0.012369851428
300.735785953  0.0155884888672
300.836120401  0.0202557542647
300.936454849  0.0272924819558
301.036789298  0.0383059093815
301.137123746  0.0558616547246
301.237458194  0.0823013009334
301.337792642  0.111712712211
301.43812709  0.119581058991
301.538461538  0.0963408615558
301.638795987  0.0670627341193
301.739130435  0.045990208189
301.839464883  0.0327879711986
301.939799331  0.0246451427831
302.040133779  0.019580538102
302.140468227  0.0164564192622
302.240802676  0.0145513872051
302.341137124  0.0131581175593
302.441471572  0.0118191581381
302.54180602  0.0107130474619
302.642140468  0.010014014224
302.742474916  0.00969237532363
302.842809365  0.00968510545462
302.943143813  0.00995797154702
303.043478261  0.0105087619883
303.143812709  0.0113644710759
303.244147157  0.0125832663563
303.344481605  0.0142631343273
303.444816054  0.0165596614034
303.545150502  0.0197185475092
303.64548495  0.0241343710829
303.745819398  0.0304585266135
303.846153846  0.0398006678758
303.946488294  0.05409959805
304.046822742  0.0767232427403
304.147157191  0.112839840401
304.247491639  0.165878051565
304.347826087  0.218952336733
304.448160535  0.222749266035
304.548494983  0.172739010942
304.648829431  0.11844578053
304.74916388  0.0804439536822
304.849498328  0.0562915045109
304.949832776  0.0409379626645
305.050167224  0.0308934202667
305.150501672  0.0240770351905
305.25083612  0.0192845901036
305.351170569  0.0158083676754
305.451505017  0.0132192674381
305.551839465  0.0112481996867
305.652173913  0.00972108560258
305.752508361  0.00852232520064
305.852842809  0.00757367984198
305.953177258  0.00682179009015
306.053511706  0.00623076154756
306.153846154  0.00577794810045
306.254180602  0.00545203603802
306.35451505  0.00525321141101
306.454849498  0.00519586728553
306.555183946  0.00531527055594
306.655518395  0.00568119339548
306.755852843  0.00642346830212
306.856187291  0.00777073771068
306.956521739  0.0100522329451
307.056856187  0.0133369478833
307.157190635  0.0160382002547
307.257525084  0.0151481640625
307.357859532  0.0116021303367
307.45819398  0.00834423170253
307.558528428  0.00614553358642
307.658862876  0.00474061142445
307.759197324  0.00382177032443
307.859531773  0.00319451883596
307.959866221  0.00274708906205
308.060200669  0.00241504055998
308.160535117  0.00216007375459
308.260869565  0.00195857045851
308.361204013  0.00179542336019
308.461538462  0.00166063441313
308.56187291  0.00154737910091
308.662207358  0.00145086778639
308.762541806  0.00136765422952
308.862876254  0.0012952029933
308.963210702  0.00123161131227
309.063545151  0.00117542574728
309.163879599  0.0011255185388
309.264214047  0.00108100247215
309.364548495  0.00104117114239
309.464882943  0.00100545631685
309.565217391  0.000973397027642
309.665551839  0.000944616856016
309.765886288  0.00091880703477
309.866220736  0.000895713750339
309.966555184  0.000875128525068
310.066889632  0.000856880895447
310.16722408  0.000840832831144
310.267558528  0.000826874498904
310.367892977  0.000814921088063
310.468227425  0.000804910495763
310.568561873  0.000796801730258
310.668896321  0.000790573936805
310.769230769  0.000786225987483
310.869565217  0.000783776607558
310.969899666  0.000783265039465
311.070234114  0.000784752273686
311.170568562  0.000788322906157
311.27090301  0.000794087717065
311.371237458  0.000802187109353
311.471571906  0.000812795601331
311.571906355  0.000826127642948
311.672240803  0.000842445128591
311.772575251  0.000862067124983
311.872909699  0.000885382542471
311.973244147  0.000912866786492
312.073578595  0.000945103889839
312.173913043  0.000982816340191
312.274247492  0.00102690594422
312.37458194  0.00107851089847
312.474916388  0.0011390872959
312.575250836  0.00121052858194
312.675585284  0.00129534591537
312.775919732  0.00139694980735
312.876254181  0.00152010631041
312.976588629  0.00167170292969
313.076923077  0.00186206529483
313.177257525  0.00210716311312
313.277591973  0.00243152901457
313.377926421  0.00286702058471
313.47826087  0.00342504703954
313.578595318  0.00404534267205
313.678929766  0.00473583486602
313.779264214  0.00574332485937
313.879598662  0.007357515227
313.97993311  0.00973497536018
314.080267559  0.012364072381
314.180602007  0.0139349031021
314.280936455  0.0146873384045
314.381270903  0.0155306745484
314.481605351  0.0161059866922
314.581939799  0.0172081085347
314.682274247  0.0202546392898
314.782608696  0.0263351885581
314.882943144  0.0363416834963
314.983277592  0.0480561478651
315.08361204  0.0528729562497
315.183946488  0.0454430585539
315.284280936  0.0330504615886
315.384615385  0.0232381578034
315.484949833  0.0171106343508
315.585284281  0.0136441498314
315.685618729  0.0120229598609
315.785953177  0.0119412675914
315.886287625  0.013401840788
315.986622074  0.0160198271511
316.086956522  0.0174461616205
316.18729097  0.0151524891316
316.287625418  0.0111947232541
316.387959866  0.00800797190832
316.488294314  0.00589551560586
316.588628763  0.00452189536883
316.688963211  0.00359972885165
316.789297659  0.00295410640337
316.889632107  0.00248381117293
316.989966555  0.00212926551304
317.090301003  0.00185414308243
317.190635452  0.00163542710012
317.2909699  0.00145799045708
317.391304348  0.00131155562086
317.491638796  0.00118893042153
317.591973244  0.00108494862794
317.692307692  0.000995812803112
317.79264214  0.000918674306215
317.892976589  0.000851357429606
317.993311037  0.000792173657659
318.093645485  0.000739793763021
318.193979933  0.000693157917774
318.294314381  0.000651411342176
318.394648829  0.000613857454922
318.494983278  0.000579923238832
318.595317726  0.00054913327651
318.695652174  0.000521090034954
318.795986622  0.000495458718348
318.89632107  0.000471955504173
318.996655518  0.000450338315494
319.096989967  0.000430399515694
319.197324415  0.00041196007561
319.297658863  0.000394864879247
319.397993311  0.000378978917877
319.498327759  0.00036418418309
319.598662207  0.000350377114078
319.698996656  0.000337466487626
319.799331104  0.000325371664134
319.899665552  0.00031402112185
320.0  0.00030335122579
