290.0  0.00023708128463
290.100334448  0.000243739547269
290.200668896  0.000250718496519
290.301003344  0.000258040030429
290.401337793  0.000265727977492
290.501672241  0.000273808305467
290.602006689  0.000282309357057
290.702341137  0.000291262116475
290.802675585  0.000300700511608
290.903010033  0.000310661757307
291.003344482  0.000321186746344
291.10367893  0.000332320495727
291.204013378  0.000344112657527
291.304347826  0.000356618105085
291.404682274  0.000369897607575
291.505016722  0.000384018608472
291.605351171  0.000399056126606
291.705685619  0.000415093802352
291.806020067  0.000432225116273
291.906354515  0.000450554813453
292.006688963  0.000470200574136
292.107023411  0.0004912949805
292.20735786  0.000513987841055
292.307692308  0.000538448948831
292.408026756  0.000564871368279
292.508361204  0.000593475369758
292.608695652  0.000624513161382
292.7090301  0.000658274608032
292.809364548  0.000695094179636
292.909698997  0.000735359439529
293.010033445  0.000779521474823
293.110367893  0.000828107792341
293.210702341  0.000881738367535
293.311036789  0.000941145756517
293.411371237  0.0010072004869
293.511705686  0.00108094336672
293.612040134  0.0011636269441
293.712374582  0.00125676919132
293.81270903  0.00136222369356
293.913043478  0.0014822723762
294.013377926  0.00161974938985
294.113712375  0.00177820864081
294.214046823  0.00196215333794
294.314381271  0.00217735503184
294.414715719  0.00243130398
294.515050167  0.00273385577632
294.615384615  0.0030981771872
294.715719064  0.00354215814105
294.816053512  0.00409056738218
294.91638796  0.00477842554223
295.016722408  0.00565642777038
295.117056856  0.00679992193208
295.217391304  0.00832425127464
295.317725753  0.0104118460055
295.418060201  0.013361566485
295.518394649  0.0176805277279
295.618729097  0.0242532220054
295.719063545  0.0346169086232
295.819397993  0.0511456457617
295.919732441  0.0755047842485
296.02006689  0.100223269206
296.120401338  0.102462150154
296.220735786  0.0794268384636
296.321070234  0.054166310482
296.421404682  0.0365520269687
296.52173913  0.0254742215856
296.622073579  0.0184778254187
296.722408027  0.0139072575967
296.822742475  0.0108039409825
296.923076923  0.00861955774422
297.023411371  0.00703247912062
297.123745819  0.0058473808157
297.224080268  0.00494137226365
297.324414716  0.00423453550568
297.424749164  0.00367331783424
297.525083612  0.00322085859644
297.62541806  0.00285117244058
297.725752508  0.00254554575489
297.826086957  0.00229024224951
297.926421405  0.00207500514808
298.026755853  0.00189205694861
298.127090301  0.00173541751689
298.227424749  0.00160043036789
298.327759197  0.00148342787135
298.428093645  0.00138149089041
298.528428094  0.00129227371013
298.628762542  0.00121387481777
298.72909699  0.00114474035229
298.829431438  0.00108359114348
298.929765886  0.00102936699688
299.030100334  0.000981183732923
299.130434783  0.000938299760282
299.230769231  0.000900089848407
299.331103679  0.000866024387479
299.431438127  0.000835652868218
299.531772575  0.00080859063403
299.632107023  0.00078450819089
299.732441472  0.000763122531553
299.83277592  0.000744190057646
299.933110368  0.000727500778191
300.033444816  0.000712873534749
300.133779264  0.000700152057899
300.234113712  0.000689201701517
300.334448161  0.000679906733577
300.434782609  0.00067216808732
300.535117057  0.000665901496361
300.635451505  0.000661035952882
300.735785953  0.000657512440598
300.836120401  0.000655282904258
300.936454849  0.0006543094258
301.036789298  0.000654563584247
301.137123746  0.000656025982427
301.237458194  0.000658685928979
301.337792642  0.000662541269027
301.43812709  0.000667598361731
301.538461538  0.000673872207872
301.638795987  0.00068138673597
301.739130435  0.000690175261517
301.839464883  0.000700281141181
301.939799331  0.000711758652791
302.040133779  0.000724674143327
302.140468227  0.000739107502031
302.240802676  0.000755154035576
302.341137124  0.000772926849068
302.441471572  0.000792559873516
302.54180602  0.000814211731938
302.642140468  0.000838070709061
302.742474916  0.000864361194229
302.842809365  0.000893352119532
302.943143813  0.000925368140835
303.043478261  0.000960804648855
303.143812709  0.00100014821728
303.244147157  0.00104400490586
303.344481605  0.00109314012707
303.444816054  0.00114853588399
303.545150502  0.00121147468039
303.64548495  0.00128366536434
303.745819398  0.0013674366106
303.846153846  0.00146604256785
303.946488294  0.00158416011877
304.046822742  0.00172872389849
304.147157191  0.00191037590475
304.247491639  0.00214606647535
304.347826087  0.00246385246784
304.448160535  0.00291182682996
304.548494983  0.00357386301526
304.648829431  0.00458960048308
304.74916388  0.00612884256217
304.849498328  0.0080709602377
304.949832776  0.00922091620756
305.050167224  0.00837644494122
305.150501672  0.00669595544872
305.25083612  0.00541096248267
305.351170569  0.00466502342503
305.451505017  0.00429441391747
305.551839465  0.00416330262275
305.652173913  0.00419296591669
305.752508361  0.00434229936089
305.852842809  0.00459231972389
305.953177258  0.00493771013869
306.053511706  0.00538281315982
306.153846154  0.0059402333723
306.254180602  0.00663118356536
306.35451505  0.00748735289918
306.454849498  0.00855456091318
306.555183946  0.00989898372986
306.655518395  0.0116174705034
306.755852843  0.0138544018593
306.856187291  0.0168273221887
306.956521739  0.0208567585346
307.056856187  0.0264024694634
307.157190635  0.0342647384827
307.257525084  0.0460264213299
307.357859532  0.0643854511099
307.45819398  0.0933310604623
307.558528428  0.135634758614
307.658862876  0.181267230963
307.759197324  0.204971145342
307.859531773  0.199528515897
307.959866221  0.165208526579
308.060200669  0.118224883994
308.160535117  0.0807975364806
308.260869565  0.0562716610695
308.361204013  0.04068130092
308.461538462  0.0305252768707
308.56187291  0.023658204099
308.662207358  0.0188410821
308.762541806  0.0153494248839
308.862876254  0.0127458967163
308.963210702  0.0107569665569
309.063545151  0.0092056387376
309.163879599  0.00797377909942
309.264214047  0.00698032395535
309.364548495  0.00616825961596
309.464882943  0.0054965997767
309.565217391  0.00493530046802
309.665551839  0.00446195274693
309.765886288  0.00405958069187
309.866220736  0.00371514386529
309.966555184  0.00341849907339
310.066889632  0.00316166785919
310.16722408  0.00293831141905
310.267558528  0.00274334872976
310.367892977  0.00257267516384
310.468227425  0.00242295268387
310.568561873  0.00229145174777
310.668896321  0.00217593107646
310.769230769  0.00207454550708
310.869565217  0.00198577495184
310.969899666  0.00190836943245
311.070234114  0.00184130654037
311.170568562  0.00178375866604
311.27090301  0.0017350680685
311.371237458  0.00169472840407
311.471571906  0.00166237175778
311.571906355  0.00163776056708
311.672240803  0.00162078412771
311.772575251  0.00161145965471
311.872909699  0.00160993816508
311.973244147  0.0016165157824
312.073578595  0.00163165147626
312.173913043  0.00165599279112
312.274247492  0.00169041186587
312.37458194  0.00173605511037
312.474916388  0.00179441146651
312.575250836  0.00186740652587
312.675585284  0.00195753337389
312.775919732  0.00206803667748
312.876254181  0.0022031755961
312.976588629  0.00236860598331
313.076923077  0.00257194731093
313.177257525  0.00282364198532
313.277591973  0.00313828352563
313.377926421  0.0035366799698
313.47826087  0.00404895290586
313.578595318  0.00471923490136
313.678929766  0.00561604078998
313.779264214  0.00685410127198
313.879598662  0.00862588174974
313.97993311  0.0112602673127
314.080267559  0.015327654199
314.180602007  0.0217384946358
314.280936455  0.0313392479362
314.381270903  0.0421315788358
314.481605351  0.0456212825831
314.581939799  0.0384446125604
314.682274247  0.0294606948505
314.782608696  0.0238987187774
314.882943144  0.0220026727322
314.983277592  0.023392652809
315.08361204  0.0283979718149
315.183946488  0.0379963709699
315.284280936  0.0517792500947
315.384615385  0.0619254435541
315.484949833  0.0568532224612
315.585284281  0.0419622870446
315.685618729  0.028736764924
315.785953177  0.0199114026339
315.886287625  0.014333493694
315.986622074  0.0107399483024
316.086956522  0.00833545881783
316.18729097  0.0066623708573
316.287625418  0.0054562212308
316.387959866  0.0045595129841
316.488294314  0.00387500955438
316.588628763  0.00334051616996
316.688963211  0.00291493248336
316.789297659  0.00257028874696
316.889632107  0.00228704574892
316.989966555  0.00205123170657
317.090301003  0.00185264613361
317.190635452  0.0016837023135
317.2909699  0.00153866281392
317.391304348  0.00141312320663
317.491638796  0.00130365627036
317.591973244  0.00120756222297
317.692307692  0.00112269040624
317.79264214  0.00104731000416
317.892976589  0.000980014975772
317.993311037  0.000919653231997
318.093645485  0.000865273236461
318.193979933  0.000816083294354
318.294314381  0.000771420193525
318.394648829  0.000730724817395
318.494983278  0.000693523010087
318.595317726  0.00065941043737
318.695652174  0.00062804051556
318.795986622  0.000599114716323
318.89632107  0.000572374726341
318.996655518  0.000547596066082
319.096989967  0.000524582864589
319.197324415  0.000503163556337
319.297658863  0.000483187318268
319.397993311  0.000464521104554
319.498327759  0.00044704716684
319.598662207  0.000430660970914
319.698996656  0.000415269438771
319.799331104  0.000400789459061
319.899665552  0.000387146619943
320.0  0.000374274127046
