290.0  0.00023203341646
290.100334448  0.000238508074491
290.200668896  0.000245292305981
290.301003344  0.00025240707504
290.401337793  0.00025987517742
290.501672241  0.000267721436808
290.602006689  0.000275972926126
290.702341137  0.000284659217554
290.802675585  0.000293812665601
290.903010033  0.000303468728337
291.003344482  0.000313666332742
291.10367893  0.000324448291269
291.204013378  0.000335861777959
291.304347826  0.000347958874048
291.404682274  0.000360797194903
291.505016722  0.000374440612409
291.605351171  0.0003889600898
291.705685619  0.000404434649345
291.806020067  0.000420952497615
291.906354515  0.000438612338298
292.006688963  0.000457524909147
292.107023411  0.000477814787789
292.20735786  0.000499622521497
292.307692308  0.000523107148954
292.408026756  0.000548449198595
292.508361204  0.000575854269107
292.608695652  0.00060555732476
292.7090301  0.000637827873099
292.809364548  0.000672976238005
292.909698997  0.000711361200625
293.010033445  0.000753399359163
293.110367893  0.000799576662994
293.210702341  0.000850462716552
293.311036789  0.000906728637834
293.411371237  0.000969169514923
293.511705686  0.00103873286034
293.612040134  0.00111655495951
293.712374582  0.00120400770899
293.81270903  0.00130275953668
293.913043478  0.00141485543496
294.013377926  0.00154282324212
294.113712375  0.00168981643181
294.214046823  0.0018598083797
294.314381271  0.00205786029784
294.414715719  0.002290496299
294.515050167  0.00256623699561
294.615384615  0.00289637220398
294.715719064  0.00329610182474
294.816053512  0.00378625661516
294.91638796  0.004395955139
295.016722408  0.0051668132093
295.117056856  0.00615980358409
295.217391304  0.00746678120293
295.317725753  0.00923048393349
295.418060201  0.0116803870278
295.518394649  0.0151988032631
295.618729097  0.0204440909098
295.719063545  0.0285701467302
295.819397993  0.0415218802797
295.919732441  0.0617991362661
296.02006689  0.0884111615968
296.120401338  0.105465624014
296.220735786  0.0934748710458
296.321070234  0.0668608829055
296.421404682  0.0449517101059
296.52173913  0.0307236306278
296.622073579  0.0218171852838
296.722408027  0.0161105539802
296.822742475  0.0123138885146
296.923076923  0.00969056293727
297.023411371  0.00781515318577
297.123745819  0.00643411223463
297.224080268  0.0053908481132
297.324414716  0.00458525620901
297.424749164  0.00395128519343
297.525083612  0.0034440947494
297.62541806  0.00303246069635
297.725752508  0.00269414210496
297.826086957  0.00241297303022
297.926421405  0.00217698834556
298.026755853  0.00197718678859
298.127090301  0.00180669664133
298.227424749  0.00166020174868
298.327759197  0.0015335394569
298.428093645  0.00142341429971
298.528428094  0.00132719100868
298.628762542  0.00124274278135
298.72909699  0.00116833862587
298.829431438  0.00110255872646
298.929765886  0.00104423016244
299.030100334  0.000992377589633
299.130434783  0.000946185043895
299.230769231  0.000904966098844
299.331103679  0.000868140359693
299.431438127  0.000835214806816
299.531772575  0.000805768883233
299.632107023  0.000779442495816
299.732441472  0.000755926301566
299.83277592  0.000734953798985
299.933110368  0.000716294855372
300.033444816  0.000699750383978
300.133779264  0.000685147947974
300.234113712  0.000672338116134
300.334448161  0.000661191432096
300.434782609  0.0006515958876
300.535117057  0.000643454812346
300.635451505  0.000636685110651
300.735785953  0.000631215788843
300.836120401  0.000626986728395
300.936454849  0.000623947668652
301.036789298  0.000622057370177
301.137123746  0.000621282935704
301.237458194  0.000621599270568
301.337792642  0.000622988668725
301.43812709  0.000625440514109
301.538461538  0.000628951090364
301.638795987  0.000633523495064
301.739130435  0.000639167657503
301.839464883  0.000645900462192
301.939799331  0.00065374598348
302.040133779  0.000662735840346
302.140468227  0.000672909684724
302.240802676  0.000684315841893
302.341137124  0.000697012127941
302.441471572  0.000711066877603
302.54180602  0.000726560226577
302.642140468  0.000743585706903
302.742474916  0.000762252233607
302.842809365  0.00078268658801
302.943143813  0.000805036541679
303.043478261  0.0008294748208
303.143812709  0.000856204193993
303.244147157  0.000885464094352
303.344481605  0.000917539389023
303.444816054  0.000952772236197
303.545150502  0.00099157847146
303.64548495  0.00103447047701
303.745819398  0.00108208717614
303.846153846  0.00113521922252
303.946488294  0.00119478732679
304.046822742  0.00126188201104
304.147157191  0.00133825364122
304.247491639  0.00142657723693
304.347826087  0.00153040542687
304.448160535  0.00165432701583
304.548494983  0.00180264700682
304.648829431  0.0019766937184
304.74916388  0.00218428948997
304.849498328  0.00245208843659
304.949832776  0.00281813750993
305.050167224  0.00333899055297
305.150501672  0.00411182841128
305.25083612  0.00529734285505
305.351170569  0.00707895212851
305.451505017  0.00925493274177
305.551839465  0.0103869269949
305.652173913  0.00931576557111
305.752508361  0.00748693156709
305.852842809  0.00615466209228
305.953177258  0.00541769761556
306.053511706  0.00509220630856
306.153846154  0.00503589798154
306.254180602  0.00516956594958
306.35451505  0.00545502771503
306.454849498  0.00587921755521
306.555183946  0.00644612690078
306.655518395  0.00717377080275
306.755852843  0.00809451428364
306.856187291  0.00925826447068
306.956521739  0.0107389981356
307.056856187  0.0126461572783
307.157190635  0.0151440653387
307.257525084  0.0184854499183
307.357859532  0.0230708497948
307.45819398  0.0295569234375
307.558528428  0.0390579003913
307.658862876  0.0535155183392
307.759197324  0.0762944320025
307.859531773  0.112537083268
307.959866221  0.165648991883
308.060200669  0.219607055978
308.160535117  0.227452966412
308.260869565  0.179946990416
308.361204013  0.123809314476
308.461538462  0.0835319246552
308.56187291  0.0580334008843
308.662207358  0.0419436445737
308.762541806  0.0314616433351
308.862876254  0.0243650605075
308.963210702  0.0193824520893
309.063545151  0.0157698619032
309.163879599  0.0130768609786
309.264214047  0.0110208935391
309.364548495  0.00941869971669
309.464882943  0.00814776829677
309.565217391  0.00712395001742
309.665551839  0.00628803294054
309.765886288  0.00559744657495
309.866220736  0.00502099174429
309.966555184  0.00453540719187
310.066889632  0.00412308095266
310.16722408  0.00377049271127
310.267558528  0.00346713340841
310.367892977  0.003204742843
310.468227425  0.00297676315683
310.568561873  0.00277794142429
310.668896321  0.00260403687903
310.769230769  0.00245160266677
310.869565217  0.00231782142081
310.969899666  0.0022003802232
311.070234114  0.00209737475507
311.170568562  0.00200723535229
311.27090301  0.00192866971178
311.371237458  0.00186061842785
311.471571906  0.00180222056736
311.571906355  0.00175278724242
311.672240803  0.00171178169833
311.772575251  0.0016788048609
311.872909699  0.00165358562466
311.973244147  0.0016359754446
312.073578595  0.00162594704293
312.173913043  0.00162359728272
312.274247492  0.00162915451257
312.37458194  0.00164299097584
312.474916388  0.00166564123384
312.575250836  0.00169782801478
312.675585284  0.00174049752778
312.775919732  0.0017948671581
312.876254181  0.00186248971672
312.976588629  0.00194534026004
313.076923077  0.00204593424929
313.177257525  0.00216749002209
313.277591973  0.00231415508387
313.377926421  0.0024913260285
313.47826087  0.00270610792645
313.578595318  0.00296798114216
313.678929766  0.00328976014254
313.779264214  0.00368894207643
313.879598662  0.00418998082039
313.97993311  0.00482881784128
314.080267559  0.00565933603251
314.180602007  0.00676361757406
314.280936455  0.00827130306975
314.381270903  0.0103933929628
314.481605351  0.0134757037181
314.581939799  0.0180694140102
314.682274247  0.0250382958728
314.782608696  0.0354395720043
314.882943144  0.0484668646073
314.983277592  0.0586172653988
315.08361204  0.0642884283308
315.183946488  0.0713926580114
315.284280936  0.0743374403275
315.384615385  0.0628340456814
315.484949833  0.0455330908728
315.585284281  0.0324136484457
315.685618729  0.0245896183633
315.785953177  0.0206243048048
315.886287625  0.0188059798917
315.986622074  0.0167252419842
316.086956522  0.0133737874342
316.18729097  0.010151009788
316.287625418  0.00779694790675
316.387959866  0.00617749786345
316.488294314  0.00504235729159
316.588628763  0.00421738958148
316.688963211  0.00359650005952
316.789297659  0.0031151092844
316.889632107  0.00273262584695
316.989966555  0.00242253972419
317.090301003  0.00216689585748
317.190635452  0.00195313465404
317.2909699  0.00177222166771
317.391304348  0.00161749988726
317.491638796  0.00148396118823
317.591973244  0.00136776942392
317.692307692  0.00126593954208
317.79264214  0.00117611634461
317.892976589  0.00109641860401
317.993311037  0.00102532708983
318.093645485  0.000961602738308
318.193979933  0.000904225919959
318.294314381  0.000852350733923
318.394648829  0.00080527017535
318.494983278  0.000762389283699
318.595317726  0.000723204225995
318.695652174  0.000687285846466
318.795986622  0.000654266614329
318.89632107  0.000623830183132
318.996655518  0.000595702975849
319.096989967  0.000569647354953
319.197324415  0.00054545604254
319.297658863  0.000522947533739
319.397993311  0.000501962304917
319.498327759  0.000482359662002
319.598662207  0.000464015107538
319.698996656  0.000446818130537
319.799331104  0.000430670342804
319.899665552  0.000415483900677
320.0  0.000401180163005
