296.0  0.000237127926526
296.143812709  0.000243391254606
296.287625418  0.000249908234659
296.431438127  0.000256692820812
296.575250836  0.000263759944172
296.719063545  0.000271125596451
296.862876254  0.000278806922107
297.006688963  0.000286822320017
297.150501672  0.000295191555841
297.294314381  0.000303935886376
297.43812709  0.000313078197415
297.581939799  0.000322643156826
297.725752508  0.000332657384802
297.869565217  0.00034314964358
298.013377926  0.000354151049209
298.157190635  0.000365695308405
298.301003344  0.00037781898398
298.444816054  0.000390561792926
298.588628763  0.000403966941885
298.732441472  0.000418081505556
298.876254181  0.000432956854564
299.02006689  0.000448649140452
299.163879599  0.000465219846884
299.307692308  0.000482736417829
299.451505017  0.000501272975588
299.595317726  0.000520911144073
299.739130435  0.000541740995878
299.882943144  0.000563862145626
300.026755853  0.000587385016926
300.170568562  0.000612432316497
300.314381271  0.000639140756814
300.45819398  0.000667663078726
300.602006689  0.000698170438522
300.745819398  0.000730855240997
300.889632107  0.000765934522662
301.033444816  0.000803654019586
301.177257525  0.000844293095604
301.321070234  0.00088817076359
301.464882943  0.000935653112504
301.608695652  0.000987162567316
301.752508361  0.00104318957576
301.89632107  0.00110430756456
302.040133779  0.00117119238729
302.183946488  0.00124464808007
302.327759197  0.00132564169772
302.471571906  0.00141535159026
302.615384615  0.0015152362018
302.759197324  0.00162713531562
302.903010033  0.00175342462804
303.046822742  0.00189726184711
303.190635452  0.00206299761777
303.334448161  0.00225689961159
303.47826087  0.0024885080118
303.622073579  0.00277334938973
303.765886288  0.00313877780763
303.909698997  0.00363745039329
304.053511706  0.00437942989493
304.197324415  0.00559542511679
304.341137124  0.00756510292594
304.484949833  0.00931510446903
304.628762542  0.00869544478105
304.772575251  0.0076457907692
304.91638796  0.007438737656
305.060200669  0.00785644233844
305.204013378  0.00871313661518
305.347826087  0.00997225582786
305.491638796  0.0116929191244
305.635451505  0.0140171375433
305.779264214  0.0171939616675
305.923076923  0.0216454450024
306.066889632  0.0281067291267
306.210702341  0.0379263452469
306.35451505  0.0537458923913
306.498327759  0.0811108345214
306.642140468  0.132040689063
306.785953177  0.227361774426
306.929765886  0.357223317098
307.073578595  0.409852157734
307.217391304  0.303352578364
307.361204013  0.17602282777
307.505016722  0.103866655557
307.648829431  0.0662170436674
307.79264214  0.0452883962092
307.936454849  0.0327312036277
308.080267559  0.0246865267416
308.224080268  0.0192516391025
308.367892977  0.0154190629223
308.511705686  0.0126202760067
308.655518395  0.0105165478673
308.799331104  0.00889656500999
308.943143813  0.00762325394949
309.086956522  0.00660467984739
309.230769231  0.00577738078085
309.37458194  0.0050964384691
309.518394649  0.00452935411307
309.662207358  0.00405215428457
309.806020067  0.00364684711208
309.949832776  0.00329972014056
310.093645485  0.00300017661277
310.237458194  0.00273992430141
310.381270903  0.00251240009444
310.525083612  0.00231235526707
310.668896321  0.00213555219569
310.81270903  0.0019785395986
310.956521739  0.00183848392256
311.100334448  0.00171304141568
311.244147157  0.0016002600518
311.387959866  0.00149850360959
311.531772575  0.00140639237089
311.675585284  0.00132275641016
311.819397993  0.00124659851216
311.963210702  0.00117706451659
312.107023411  0.00111341943828
312.25083612  0.0010550281135
312.394648829  0.00100133941853
312.538461538  0.000951873327355
312.682274247  0.000906210239832
312.826086957  0.000863982137137
312.969899666  0.000824865215979
313.113712375  0.000788573726296
313.257525084  0.000754854793499
313.401337793  0.000723484050158
313.545150502  0.000694261936409
313.688963211  0.000667010555343
313.83277592  0.000641570991029
313.976588629  0.000617801013885
314.120401338  0.00059557311169
314.264214047  0.000574772795522
314.408026756  0.000555297138745
314.551839465  0.000537053514372
314.695652174  0.00051995850199
314.839464883  0.00050393694026
314.983277592  0.000488921104965
315.127090301  0.000474849995875
315.27090301  0.00046166871844
315.414715719  0.000449327948622
315.558528428  0.000437783471127
315.702341137  0.000426995782957
315.846153846  0.000416929755646
315.989966555  0.000407554350782
316.133779264  0.000398842384553
316.277591973  0.00039077033806
316.421404682  0.000383318211088
316.565217391  0.000376469417943
316.7090301  0.00037021072483
316.852842809  0.000364532229216
316.996655518  0.000359427382543
317.140468227  0.000354893058758
317.284280936  0.000350929672309
317.428093645  0.000347541350649
317.571906355  0.000344736167922
317.715719064  0.000342526448491
317.859531773  0.000340929151368
318.003344482  0.000339966349589
318.147157191  0.00033966582234
318.2909699  0.000340061782324
318.434782609  0.000341195766952
318.578595318  0.000343117729649
318.722408027  0.000345887377686
318.866220736  0.000349575816133
319.010033445  0.000354267574915
319.153846154  0.000360063119152
319.297658863  0.000367081974063
319.441471572  0.000375466637924
319.585284281  0.00038538751435
319.72909699  0.000397049175133
319.872909699  0.000410698376836
320.016722408  0.000426634412932
320.160535117  0.000445222610937
320.304347826  0.000466912115369
320.448160535  0.000492259587109
320.591973244  0.00052196118553
320.735785953  0.000556896325282
320.879598662  0.000598188455357
321.023411371  0.000647290906663
321.16722408  0.000706110422708
321.311036789  0.000777188644389
321.454849498  0.000863975034519
321.598662207  0.000971248297348
321.742474916  0.00110578696982
321.886287625  0.0012774740292
322.030100334  0.00150119059188
322.173913043  0.00180021679281
322.317725753  0.00221267875557
322.461538462  0.00280455420978
322.605351171  0.00369775534591
322.74916388  0.00513452701207
322.892976589  0.00762315729057
323.036789298  0.0121233582537
323.180602007  0.0188635086961
323.324414716  0.0240538616298
323.468227425  0.0296390229915
323.612040134  0.0343058269016
323.755852843  0.0354193493243
323.899665552  0.0315264036347
324.043478261  0.0201536572887
324.18729097  0.0119525569625
324.331103679  0.00756856882196
324.474916388  0.00516688752787
324.618729097  0.00374660159391
324.762541806  0.00284510772677
324.906354515  0.00223901395861
325.050167224  0.00181235206327
325.193979933  0.00150066898896
325.337792642  0.00126598025781
325.481605351  0.00108476778254
325.62541806  0.00094185242551
325.769230769  0.000827085795364
325.913043478  0.000733475246659
326.056856187  0.000656075488135
326.200668896  0.000591308930407
326.344481605  0.000536535368102
326.488294314  0.000489771736563
326.632107023  0.000449504989176
326.775919732  0.000414564340833
326.919732441  0.000384032285743
327.063545151  0.000357181497446
327.20735786  0.000333429348471
327.351170569  0.000312304640718
327.494983278  0.000293422936872
327.638795987  0.000276468041074
327.782608696  0.000261177936448
327.926421405  0.000247333993853
328.070234114  0.000234752609709
328.214046823  0.000223278667183
328.357859532  0.000212780379815
328.501672241  0.000203145193185
328.64548495  0.000194276503425
328.789297659  0.000186091011565
328.933110368  0.00017851657661
329.076923077  0.000171490462671
329.220735786  0.000164957899546
329.364548495  0.000158870894245
329.508361204  0.000153187244655
329.652173913  0.000147869716946
329.795986622  0.000142885356365
329.939799331  0.000138204907228
330.08361204  0.000133802322766
330.227424749  0.000129654349256
330.371237458  0.000125740171816
330.515050167  0.000122041111642
330.658862876  0.0001185403663
330.802675585  0.000115222786215
330.946488294  0.000112074681699
331.090301003  0.000109083655834
331.234113712  0.00010623845932
331.377926421  0.000103528864049
331.52173913  0.000100945552687
331.665551839  9.84800219904e-05
331.809364548  9.61244979313e-05
331.953177258  9.38718610101e-05
332.096989967  9.1715580383e-05
332.240802676  8.9649655629e-05
332.384615385  8.76685651612e-05
332.528428094  8.57672204266e-05
332.672240803  8.39409251646e-05
332.816053512  8.21853390918e-05
332.959866221  8.0496445473e-05
333.10367893  7.88705221075e-05
333.247491639  7.73041153261e-05
333.391304348  7.5794016645e-05
333.535117057  7.43372417709e-05
333.678929766  7.29310116889e-05
333.822742475  7.15727356007e-05
333.966555184  7.02599955073e-05
334.110367893  6.89905322581e-05
334.254180602  6.77622329076e-05
334.397993311  6.65731192416e-05
334.54180602  6.54213373503e-05
334.685618729  6.43051481399e-05
334.829431438  6.32229186871e-05
334.973244147  6.21731143524e-05
335.117056856  6.11542915747e-05
335.260869565  6.01650912831e-05
335.404682274  5.92042328637e-05
335.548494983  5.82705086296e-05
335.692307692  5.73627787457e-05
335.836120401  5.64799665667e-05
335.97993311  5.56210543493e-05
336.123745819  5.47850793041e-05
336.267558528  5.39711299587e-05
336.411371237  5.31783428011e-05
336.555183946  5.24058991811e-05
336.698996656  5.16530224465e-05
336.842809365  5.09189752931e-05
336.986622074  5.02030573117e-05
337.130434783  4.9504602714e-05
337.274247492  4.88229782235e-05
337.418060201  4.81575811176e-05
337.56187291  4.75078374078e-05
337.705685619  4.68732001479e-05
337.849498328  4.62531478595e-05
337.993311037  4.56471830654e-05
338.137123746  4.50548309222e-05
338.280936455  4.44756379454e-05
338.424749164  4.39091708186e-05
338.568561873  4.33550152817e-05
338.712374582  4.28127750909e-05
338.856187291  4.22820710461e-05
339.0  4.17625400804e-05
