#    Start: ------ Host: "tp-linux1" ----------Thu Mar  2 15:06:59 2017

#    Time[fs]   CPU-time[s]     Delta-CPU    Real time        RealT[s]     [h]
#        0.00           0.1                  Mar  2 15:06:59         0     0.0
         1.00           8.0         7.930    Mar  2 15:07:07         8     0.0
         2.00          12.4         4.330    Mar  2 15:07:11        12     0.0
         3.00          16.2         3.860    Mar  2 15:07:15        16     0.0
         4.00          18.0         1.770    Mar  2 15:07:17        18     0.0
         5.00          21.9         3.850    Mar  2 15:07:21        22     0.0
         6.00          25.7         3.860    Mar  2 15:07:29        30     0.0
         7.00          28.0         2.300    Mar  2 15:07:32        33     0.0
         8.00          31.3         3.330    Mar  2 15:07:35        36     0.0
         9.00          34.0         2.650    Mar  2 15:07:38        39     0.0
        10.00          36.6         2.650    Mar  2 15:07:40        41     0.0
        11.00          39.4         2.810    Mar  2 15:07:43        44     0.0
        12.00          42.4         2.990    Mar  2 15:07:46        47     0.0
        13.00          45.7         3.240    Mar  2 15:07:54        55     0.0
        14.00          48.7         2.990    Mar  2 15:07:57        58     0.0
        15.00          52.0         3.380    Mar  2 15:08:06        67     0.0
        16.00          54.4         2.380    Mar  2 15:08:13        74     0.0
        17.00          56.5         2.060    Mar  2 15:08:15        76     0.0
        18.00          59.4         2.870    Mar  2 15:08:28        89     0.0
        19.00          61.4         2.010    Mar  2 15:08:30        91     0.0
        20.00          63.0         1.600    Mar  2 15:08:32        93     0.0
        21.00          66.0         2.990    Mar  2 15:08:46       107     0.0
        22.00          67.9         1.960    Mar  2 15:08:48       109     0.0
        23.00          71.8         3.870    Mar  2 15:09:15       136     0.0
        24.00          74.4         2.650    Mar  2 15:09:18       139     0.0
        25.00          79.0         4.570    Mar  2 15:09:45       166     0.0
        26.00          82.4         3.420    Mar  2 15:09:54       175     0.0
        27.00          86.3         3.850    Mar  2 15:10:02       183     0.1
        28.00          90.4         4.110    Mar  2 15:10:17       198     0.1
        29.00          94.9         4.550    Mar  2 15:11:10       251     0.1
        30.00          98.7         3.780    Mar  2 15:11:19       260     0.1
        31.00         103.2         4.490    Mar  2 15:11:28       269     0.1
        32.00         107.9         4.740    Mar  2 15:11:44       285     0.1
        33.00         111.7         3.710    Mar  2 15:11:48       289     0.1
        34.00         115.3         3.630    Mar  2 15:12:15       316     0.1
        35.00         118.0         2.680    Mar  2 15:12:17       318     0.1
        36.00         120.4         2.400    Mar  2 15:12:29       330     0.1
        37.00         125.3         4.890    Mar  2 15:17:11       612     0.2
        38.00         128.2         2.950    Mar  2 15:17:37       638     0.2
        39.00         130.2         1.970    Mar  2 15:17:39       640     0.2
        40.00         133.6         3.410    Mar  2 15:20:25       806     0.2
        41.00         136.5         2.940    Mar  2 15:20:35       816     0.2
        42.00         139.1         2.560    Mar  2 15:20:43       824     0.2
        43.00         143.2         4.060    Mar  2 15:23:53      1014     0.3
        44.00         146.4         3.290    Mar  2 15:24:02      1023     0.3
        45.00         151.1         4.690    Mar  2 15:24:49      1070     0.3
        46.00         155.1         4.010    Mar  2 15:25:02      1083     0.3
        47.00         160.5         5.340    Mar  2 15:28:34      1295     0.4
        48.00         164.6         4.110    Mar  2 15:28:44      1305     0.4
        49.00         169.1         4.510    Mar  2 15:29:32      1353     0.4
        50.00         177.6         8.510    Mar  2 15:39:39      1960     0.5
        51.00         184.1         6.470    Mar  2 15:44:08      2229     0.6
        52.00         189.8         5.730    Mar  2 15:45:08      2289     0.6
        53.00         196.5         6.670    Mar  2 15:50:29      2610     0.7
        54.00         202.8         6.300    Mar  2 15:53:42      2803     0.8
        55.00         208.2         5.470    Mar  2 15:59:13      3134     0.9
        56.00         215.4         7.150    Mar  2 16:05:07      3488     1.0
        57.00         222.6         7.170    Mar  2 16:13:12      3973     1.1
        58.00         227.2         4.600    Mar  2 16:14:22      4043     1.1
        59.00         230.5         3.300    Mar  2 16:14:52      4073     1.1
        60.00         234.9         4.470    Mar  2 16:18:02      4263     1.2
        61.00         239.7         4.760    Mar  2 16:19:22      4343     1.2
        62.00         245.8         6.100    Mar  2 16:23:01      4562     1.3
        63.00         251.5         5.720    Mar  2 16:24:32      4653     1.3
        64.00         256.5         4.940    Mar  2 16:25:06      4687     1.3
        65.00         262.0         5.550    Mar  2 16:25:50      4731     1.3
        66.00         267.6         5.590    Mar  2 16:26:17      4758     1.3
        67.00         272.8         5.170    Mar  2 16:26:41      4782     1.3
        68.00         277.8         4.980    Mar  2 16:27:36      4837     1.3
        69.00         282.6         4.830    Mar  2 16:28:07      4868     1.4
        70.00         288.8         6.170    Mar  2 16:30:52      5033     1.4
        71.00         293.2         4.420    Mar  2 16:31:20      5061     1.4
        72.00         299.1         5.910    Mar  2 16:34:17      5238     1.5
        73.00         303.7         4.620    Mar  2 16:35:13      5294     1.5
        74.00         308.6         4.860    Mar  2 16:35:44      5325     1.5
        75.00         313.3         4.780    Mar  2 16:38:58      5519     1.5
        76.00         318.9         5.540    Mar  2 16:41:05      5646     1.6
        77.00         321.2         2.280    Mar  2 16:41:12      5653     1.6
        78.00         326.1         4.970    Mar  2 16:44:18      5839     1.6
        79.00         328.6         2.510    Mar  2 16:44:30      5851     1.6
        80.00         332.4         3.720    Mar  2 16:45:51      5932     1.6
        81.00         337.5         5.100    Mar  2 16:47:03      6004     1.7
        82.00         340.8         3.340    Mar  2 16:47:51      6052     1.7
        83.00         347.0         6.160    Mar  2 16:49:44      6165     1.7
        84.00         352.1         5.140    Mar  2 16:50:34      6215     1.7
        85.00         356.2         4.140    Mar  2 16:50:54      6235     1.7
        86.00         362.3         6.080    Mar  2 16:52:57      6358     1.8
        87.00         366.8         4.500    Mar  2 16:53:21      6382     1.8
        88.00         373.1         6.230    Mar  2 16:55:05      6486     1.8
        89.00         378.3         5.270    Mar  2 16:55:41      6522     1.8
        90.00         383.2         4.890    Mar  2 16:56:39      6580     1.8
        91.00         388.0         4.770    Mar  2 16:57:37      6638     1.8
        92.00         392.5         4.510    Mar  2 16:58:09      6670     1.9
        93.00         398.6         6.110    Mar  2 16:58:54      6715     1.9
        94.00         401.9         3.260    Mar  2 16:59:10      6731     1.9
        95.00         404.9         3.020    Mar  2 16:59:43      6764     1.9
        96.00         410.6         5.690    Mar  2 17:01:48      6889     1.9
        97.00         415.4         4.790    Mar  2 17:03:19      6980     1.9
        98.00         418.8         3.400    Mar  2 17:03:37      6998     1.9
        99.00         423.4         4.640    Mar  2 17:05:15      7096     2.0
       100.00         427.7         4.300    Mar  2 17:05:51      7132     2.0
       101.00         432.8         5.120    Mar  2 17:06:42      7183     2.0
       102.00         439.2         6.420    Mar  2 17:08:09      7270     2.0
       103.00         444.9         5.640    Mar  2 17:08:58      7319     2.0
       104.00         450.9         6.030    Mar  2 17:13:28      7589     2.1
       105.00         456.1         5.180    Mar  2 17:14:04      7625     2.1
       106.00         462.6         6.540    Mar  2 17:15:02      7683     2.1
       107.00         467.3         4.690    Mar  2 17:15:32      7713     2.1
       108.00         472.7         5.390    Mar  2 17:16:19      7760     2.2
       109.00         477.2         4.500    Mar  2 17:16:49      7790     2.2
       110.00         482.3         5.110    Mar  2 17:17:22      7823     2.2
       111.00         487.6         5.320    Mar  2 17:18:14      7875     2.2
       112.00         492.6         4.950    Mar  2 17:18:43      7904     2.2
       113.00         496.7         4.090    Mar  2 17:19:31      7952     2.2
       114.00         501.3         4.660    Mar  2 17:20:51      8032     2.2
       115.00         504.5         3.170    Mar  2 17:21:07      8048     2.2
       116.00         510.4         5.860    Mar  2 17:23:31      8192     2.3
       117.00         515.8         5.480    Mar  2 17:24:30      8251     2.3
       118.00         519.6         3.740    Mar  2 17:24:43      8264     2.3
       119.00         527.2         7.580    Mar  2 17:25:57      8338     2.3
       120.00         532.2         5.030    Mar  2 17:26:22      8363     2.3
       121.00         538.2         5.960    Mar  2 17:30:31      8612     2.4
       122.00         543.7         5.510    Mar  2 17:30:55      8636     2.4
       123.00         551.7         8.070    Mar  2 17:38:31      9092     2.5
       124.00         560.2         8.430    Mar  2 17:46:38      9579     2.7
       125.00         565.5         5.370    Mar  2 17:47:48      9649     2.7
       126.00         572.8         7.260    Mar  2 17:52:41      9942     2.8
       127.00         582.7         9.930    Mar  2 17:58:05     10266     2.9
       128.00         588.3         5.580    Mar  2 18:00:18     10399     2.9
       129.00         594.3         6.020    Mar  2 18:01:27     10468     2.9
       130.00         600.4         6.110    Mar  2 18:05:43     10724     3.0
       131.00         606.5         6.060    Mar  2 18:10:49     11030     3.1
       132.00         612.8         6.340    Mar  2 18:12:37     11138     3.1
       133.00         619.8         7.000    Mar  2 18:16:39     11380     3.2
       134.00         624.6         4.760    Mar  2 18:17:29     11430     3.2
       135.00         629.5         4.910    Mar  2 18:19:21     11542     3.2
       136.00         634.7         5.150    Mar  2 18:22:14     11715     3.3
       137.00         639.2         4.510    Mar  2 18:23:31     11792     3.3
       138.00         645.9         6.680    Mar  2 18:25:00     11881     3.3
       139.00         651.5         5.610    Mar  2 18:25:31     11912     3.3
       140.00         658.8         7.350    Mar  2 18:27:23     12024     3.3
       141.00         666.0         7.230    Mar  2 18:34:32     12453     3.5
       142.00         672.0         5.990    Mar  2 18:35:59     12540     3.5
       143.00         683.4        11.410    Mar  2 18:44:05     13026     3.6
       144.00         690.4         6.930    Mar  2 18:44:34     13055     3.6
       145.00         697.5         7.140    Mar  2 18:45:39     13120     3.6
       146.00         707.0         9.440    Mar  2 18:48:18     13279     3.7
       147.00         713.6         6.690    Mar  2 18:48:46     13307     3.7
       148.00         721.0         7.310    Mar  2 18:49:28     13349     3.7
       149.00         726.7         5.750    Mar  2 18:49:48     13369     3.7
       150.00         734.6         7.860    Mar  2 18:50:54     13435     3.7
       151.00         741.3         6.740    Mar  2 18:51:21     13462     3.7
       152.00         746.9         5.630    Mar  2 18:51:54     13495     3.7
       153.00         752.9         5.920    Mar  2 18:52:33     13534     3.8
       154.00         760.0         7.130    Mar  2 18:53:50     13611     3.8
       155.00         767.0         7.040    Mar  2 18:55:05     13686     3.8
       156.00         772.6         5.550    Mar  2 18:55:19     13700     3.8
       157.00         787.1        14.510    Mar  2 19:02:14     14115     3.9
       158.00         796.2         9.100    Mar  2 19:02:45     14146     3.9
       159.00         809.4        13.170    Mar  2 19:05:45     14326     4.0
       160.00         820.7        11.340    Mar  2 19:11:13     14654     4.1
       161.00         837.9        17.220    Mar  2 19:24:44     15465     4.3
       162.00         854.3        16.380    Mar  2 19:34:06     16027     4.5
       163.00         873.2        18.940    Mar  2 19:46:18     16759     4.7
       164.00         882.4         9.200    Mar  2 19:47:12     16813     4.7
       165.00         900.7        18.290    Mar  2 20:01:07     17648     4.9
       166.00         911.5        10.790    Mar  2 20:01:54     17695     4.9
       167.00         923.6        12.040    Mar  2 20:04:01     17822     5.0
       168.00         935.2        11.620    Mar  2 20:05:05     17886     5.0
       169.00         943.8         8.670    Mar  2 20:05:23     17904     5.0
       170.00         958.5        14.650    Mar  2 20:12:19     18320     5.1
       171.00         968.7        10.220    Mar  2 20:14:55     18476     5.1
       172.00         975.1         6.400    Mar  2 20:15:05     18486     5.1
       173.00         984.1         8.990    Mar  2 20:17:10     18611     5.2
       174.00         992.6         8.540    Mar  2 20:19:31     18752     5.2
       175.00        1001.6         8.950    Mar  2 20:20:01     18782     5.2
       176.00        1010.8         9.180    Mar  2 20:20:59     18840     5.2
       177.00        1019.8         8.990    Mar  2 20:21:36     18877     5.2
       178.00        1032.2        12.460    Mar  2 20:26:26     19167     5.3
       179.00        1043.3        11.110    Mar  2 20:27:36     19237     5.3
       180.00        1053.2         9.910    Mar  2 20:28:04     19265     5.4
       181.00        1065.2        11.990    Mar  2 20:29:33     19354     5.4
       182.00        1079.0        13.720    Mar  2 20:30:30     19411     5.4
       183.00        1091.8        12.850    Mar  2 20:31:31     19472     5.4
       184.00        1104.3        12.510    Mar  2 20:32:01     19502     5.4
       185.00        1118.5        14.230    Mar  2 20:35:38     19719     5.5
       186.00        1134.6        16.060    Mar  2 20:41:21     20062     5.6
       187.00        1146.4        11.840    Mar  2 20:42:00     20101     5.6
       188.00        1155.0         8.540    Mar  2 20:42:19     20120     5.6
       189.00        1168.0        13.060    Mar  2 20:43:20     20181     5.6
       190.00        1175.0         7.010    Mar  2 20:43:58     20219     5.6
       191.00        1185.9        10.840    Mar  2 20:44:25     20246     5.6
       192.00        1193.2         7.320    Mar  2 20:44:48     20269     5.6
       193.00        1201.1         7.920    Mar  2 20:45:22     20303     5.6
       194.00        1214.8        13.680    Mar  2 20:46:01     20342     5.7
       195.00        1224.1         9.330    Mar  2 20:46:32     20373     5.7
       196.00        1236.8        12.630    Mar  2 20:47:17     20418     5.7
       197.00        1248.3        11.560    Mar  2 20:48:25     20486     5.7
       198.00        1261.4        13.090    Mar  2 20:49:08     20529     5.7
       199.00        1272.7        11.260    Mar  2 20:49:56     20577     5.7
       200.00        1282.9        10.200    Mar  2 20:51:58     20699     5.7
       201.00        1298.4        15.530    Mar  2 20:52:45     20746     5.8
       202.00        1309.4        10.970    Mar  2 20:53:21     20782     5.8
       203.00        1319.5        10.120    Mar  2 20:54:03     20824     5.8
       204.00        1331.3        11.790    Mar  2 20:54:40     20861     5.8
       205.00        1343.9        12.640    Mar  2 20:55:05     20886     5.8
       206.00        1357.4        13.460    Mar  2 20:55:44     20925     5.8
       207.00        1367.3         9.870    Mar  2 20:56:02     20943     5.8
       208.00        1377.7        10.410    Mar  2 20:56:32     20973     5.8
       209.00        1387.0         9.290    Mar  2 20:57:00     21001     5.8
       210.00        1399.1        12.170    Mar  2 20:57:27     21028     5.8
       211.00        1408.1         8.970    Mar  2 20:57:48     21049     5.8
       212.00        1422.3        14.200    Mar  2 20:58:31     21092     5.9
       213.00        1432.6        10.280    Mar  2 20:58:50     21111     5.9
       214.00        1447.3        14.770    Mar  2 20:59:41     21162     5.9
       215.00        1460.0        12.690    Mar  2 21:00:11     21192     5.9
       216.00        1475.0        14.920    Mar  2 21:01:15     21256     5.9
       217.00        1489.5        14.520    Mar  2 21:01:56     21297     5.9
       218.00        1503.9        14.410    Mar  2 21:02:32     21333     5.9
       219.00        1520.6        16.680    Mar  2 21:03:14     21375     5.9
       220.00        1538.3        17.750    Mar  2 21:03:48     21409     5.9
       221.00        1559.6        21.260    Mar  2 21:04:40     21461     6.0
       222.00        1577.7        18.100    Mar  2 21:05:10     21491     6.0
       223.00        1594.7        17.020    Mar  2 21:05:52     21533     6.0
       224.00        1609.2        14.490    Mar  2 21:06:31     21572     6.0
       225.00        1626.1        16.890    Mar  2 21:07:22     21623     6.0
       226.00        1639.9        13.780    Mar  2 21:07:47     21648     6.0
