 ------ Host: "tp-linux1" ----------Thu Mar  2 15:06:59 2017
            
 /home/thomas/cf4/DD-vMCG/cf4
 ---------------------------------------------------------------------------
  
 Subroutine       Calls N      cpu/N          cpu     %cpu        Clock
 GWPlindep1ms        4158  -616.2301   -2562284.576 *******          0.000
 PropWF                 1  1639.7680       1639.768   100.0      21648.033
 Funkr              29212     0.0558       1630.564    99.4      21638.492
 RK5                  226     7.1901       1624.952    99.1      21477.492
 Gwp_Gdot           29212     0.0332        968.936    59.1        968.325
 subgdot1           29212     0.0332        968.812    59.1        968.234
 Gh_elements        29212     0.0210        612.280    37.3        611.256
 Gh_elems: sum     467392     0.0008        393.056    24.0        392.303
 Gh_elems: LHA      29212     0.0074        214.720    13.1        214.576
 DBread            292120     0.0007        210.016    12.8        209.966
 GWP overlap        29213     0.0003          9.644     0.6          9.699
 Gwp_Ymat           29212     0.0002          6.104     0.4          6.099
 GWP ODE Test        4157     0.0014          5.852     0.4          5.872
 Setgwpdyn1ms        4158     0.0014          5.676     0.3          5.726
 Output               227     0.0132          3.004     0.2          3.060
 Gh_elems: kinet   438180     0.0000          1.656     0.1          1.573
 Gwp_projector      62582     0.0000          1.572     0.1          1.369
 GWP orthonorm      62582     0.0000          1.228     0.1          1.062
 Density            29213     0.0000          0.096     0.0          0.081
 GenOPER                1     0.0440          0.044     0.0          0.180
 PhiHunPhi          29212     0.0000          0.036     0.0          0.048
 Dicht1Phi          29212     0.0000          0.032     0.0          0.040
 HPhi               29212     0.0000          0.020     0.0          0.020
 Hlochphi           29212     0.0000          0.036     0.0          0.022
 Mfields            29212     0.0000          0.020     0.0          0.019
 PhiHPhi            29212     0.0000          0.012     0.0          0.023
 Project            29212     0.0000          0.008     0.0          0.014
 AddHunPhi          29212     0.0000          0.008     0.0          0.019
 HunPhi             29212     0.0000          0.012     0.0          0.018
 Init_WF                1     0.0120          0.012     0.0          0.026
 CalcOPs                1     0.0120          0.012     0.0          0.040
 GenDVR                 1     0.0040          0.004     0.0          0.024

Total (cpu,wall)     1639.856    21648.121   (     6h :  0m :  48s)


 ---------------------------------------------------------------------------
 ------ Host: "tp-linux1" ----------Thu Mar  2 21:07:47 2017
            
