689.0  0.000572160014961
689.113712375  0.000645963242095
689.227424749  0.000736717389936
689.341137124  0.000850072887548
689.454849498  0.000994213720129
689.568561873  0.00118132414739
689.682274247  0.00143012102865
689.795986622  0.00177039921521
689.909698997  0.00225153613734
690.023411371  0.00295907199388
690.137123746  0.00404805902345
690.25083612  0.00580948499195
690.364548495  0.00878014518551
690.47826087  0.0137252463926
690.591973244  0.0202279618963
690.705685619  0.0227937285909
690.819397993  0.0177893907664
690.933110368  0.0115892059472
691.046822742  0.00748103387761
691.160535117  0.00505877223298
691.274247492  0.00360576073644
691.387959866  0.00269255579039
691.501672241  0.00209058524367
691.615384615  0.00167678160718
691.72909699  0.00138210258488
691.842809365  0.00116601027213
691.956521739  0.00100366162959
692.070234114  0.000879237557813
692.183946488  0.000782320280481
692.297658863  0.000705844426236
692.411371237  0.000644893852878
692.525083612  0.000595970711646
692.638795987  0.000556537662447
692.752508361  0.000524723240842
692.866220736  0.000499127556933
692.97993311  0.000478691349964
693.093645485  0.000462606028069
693.20735786  0.000450250817576
693.321070234  0.000441148219405
693.434782609  0.000434932074437
693.548494983  0.000431324482987
693.662207358  0.000430119066286
693.775919732  0.000431168869544
693.889632107  0.000434377747674
694.003344482  0.000439694444733
694.117056856  0.00044710883818
694.230769231  0.000456650008943
694.344481605  0.000468385944367
694.45819398  0.000482424801974
694.571906355  0.000498917771603
694.685618729  0.000518063683959
694.799331104  0.000540115636512
694.913043478  0.000565390056443
695.026755853  0.000594278811808
695.140468227  0.00062726523961
695.254180602  0.00066494531663
695.367892977  0.000708055706334
695.481605351  0.000757511150117
695.595317726  0.000814454755055
695.7090301  0.000880326356877
695.822742475  0.000956956621525
695.936454849  0.00104669841648
696.050167224  0.00115261312547
696.163879599  0.00127873954921
696.277591973  0.00143048959802
696.391304348  0.00161524321638
696.505016722  0.00184326446685
696.618729097  0.00212915012032
696.732441472  0.00249418908572
696.846153846  0.00297033409794
696.959866221  0.00360713584563
697.073578595  0.0044843413545
697.18729097  0.00573576342826
697.301003344  0.00759633509088
697.414715719  0.0104971280779
697.528428094  0.0152501056672
697.642140468  0.0233038044415
697.755852843  0.0362596789507
697.869565217  0.0504887306261
697.983277592  0.0507191658571
698.096989967  0.0366697013046
698.210702341  0.0236945020471
698.324414716  0.0156375191102
698.43812709  0.0109226727212
698.551839465  0.00809015838212
698.665551839  0.00632081854974
698.779264214  0.00518195899297
698.892976589  0.00444079360631
699.006688963  0.00396863957231
699.120401338  0.00369403844951
699.234113712  0.00357988671171
699.347826087  0.00361284370415
699.461538462  0.00380000771723
699.575250836  0.00417145655586
699.688963211  0.00479001145133
699.802675585  0.00577324219581
699.91638796  0.00733929625873
700.030100334  0.00989805879224
700.143812709  0.0141954974573
700.257525084  0.0212391274096
700.371237458  0.0302744316621
700.484949833  0.0348275191742
700.598662207  0.0333828059655
700.712374582  0.0329932567893
700.826086957  0.0307332632132
700.939799331  0.0229390106803
701.053511706  0.01532271032
701.16722408  0.0103709557947
701.280936455  0.00737360444337
701.394648829  0.00550634755417
701.508361204  0.00428570609072
701.622073579  0.00345027676607
701.735785953  0.00285570024988
701.849498328  0.00241869974558
701.963210702  0.00208900391915
702.076923077  0.00183498008495
702.190635452  0.00163598815012
702.304347826  0.00147813533031
702.418060201  0.00135182250688
702.531772575  0.00125027370316
702.64548495  0.00116862619152
702.759197324  0.00110335194621
702.872909699  0.00105188161284
702.986622074  0.00101235636478
703.100334448  0.000983463322657
703.214046823  0.000964327779562
703.327759197  0.00095444607646
703.441471572  0.000953649720473
703.555183946  0.000962095998882
703.668896321  0.000980284004913
703.782608696  0.00100909844349
703.89632107  0.0010498875505
704.010033445  0.00110458681775
704.123745819  0.00117590828397
704.237458194  0.00126762814988
704.351170569  0.00138502739954
704.464882943  0.00153557849164
704.578595318  0.00173004073824
704.692307692  0.00198425752416
704.806020067  0.00232220259809
704.919732441  0.00278133615312
705.033444816  0.00342240773594
705.147157191  0.00434816554902
705.260869565  0.00574045834243
705.37458194  0.00793516249509
705.488294314  0.0115645000449
705.602006689  0.017720485131
705.715719064  0.0273168023632
705.829431438  0.0363741237057
705.943143813  0.0341300092581
706.056856187  0.0238983624286
706.170568562  0.015545036332
706.284280936  0.010524404528
706.397993311  0.0076486429858
706.511705686  0.00601134565158
706.62541806  0.00514289351663
706.739130435  0.00484645546578
706.852842809  0.0051075483076
706.966555184  0.00603372341497
707.080267559  0.00754072956873
707.193979933  0.00873841198911
707.307692308  0.00950196088954
707.421404682  0.0108007663684
707.535117057  0.0109122560837
707.648829431  0.00844252377677
707.762541806  0.00575454360524
707.876254181  0.00397996036001
707.989966555  0.00290955680736
708.10367893  0.0022487531344
708.217391304  0.00182325151672
708.331103679  0.00154042169837
708.444816054  0.00135134294239
708.558528428  0.00123097901555
708.672240803  0.001169389076
708.785953177  0.0011694915235
708.899665552  0.00125028692544
709.013377926  0.00145585350353
709.127090301  0.00185892041519
709.240802676  0.00246092618463
709.35451505  0.00280435878258
709.468227425  0.00236391306922
709.581939799  0.00168680054582
709.695652174  0.00120824798152
709.809364548  0.000916666790998
709.923076923  0.000735885627352
710.036789298  0.000617467416653
710.150501672  0.000535371637954
710.264214047  0.000475561363417
710.377926421  0.00043015151402
710.491638796  0.000394493388683
710.605351171  0.000365715925744
710.719063545  0.000341969533191
710.83277592  0.000322017093864
710.946488294  0.00030500324194
711.060200669  0.000290318995335
711.173913043  0.000277519438182
711.287625418  0.000266272014062
711.401337793  0.000256323081994
711.515050167  0.000247475704544
711.628762542  0.000239574537803
711.742474916  0.000232495326285
711.856187291  0.000226137453227
711.969899666  0.000220418561341
712.08361204  0.000215270604011
712.197324415  0.000210636902585
712.311036789  0.000206469923057
712.424749164  0.000202729575136
712.538461538  0.000199381896074
712.652173913  0.000196398021759
712.765886288  0.000193753374977
712.879598662  0.000191427019882
712.993311037  0.000189401145119
713.107023411  0.000187660647666
713.220735786  0.000186192796403
713.334448161  0.000184986959494
713.448160535  0.000184034383413
713.56187291  0.000183328014282
713.675585284  0.000182862354284
713.789297659  0.000182633347573
713.903010033  0.000182638291344
714.016722408  0.00018287576873
714.130434783  0.000183345600966
714.244147157  0.000184048816928
714.357859532  0.000184987638653
714.471571906  0.000186165481917
714.585284281  0.000187586971324
714.698996656  0.000189257969738
714.81270903  0.000191185622173
714.926421405  0.000193378414629
715.040133779  0.000195846248631
715.153846154  0.000198600532601
715.267558528  0.00020165429152
715.381270903  0.000205022296748
715.494983278  0.0002087212183
715.608695652  0.00021276980239
715.722408027  0.000217189077641
715.836120401  0.000222002594044
715.949832776  0.000227236699568
716.063545151  0.000232920860327
716.177257525  0.000239088031342
716.2909699  0.000245775086409
716.404682274  0.000253023317298
716.518394649  0.000260879014639
716.632107023  0.000269394145467
716.745819398  0.00027862714563
716.859531773  0.000288643849294
716.973244147  0.000299518582762
717.086956522  0.000311335456159
717.200668896  0.000324189894456
717.314381271  0.000338190459384
717.428093645  0.000353461026689
717.54180602  0.000370143399682
717.655518395  0.000388400461429
717.769230769  0.000408419995726
717.882943144  0.000430419343485
717.996655518  0.000454651109256
718.110367893  0.000481410196722
718.224080268  0.000511042537949
718.337792642  0.000543955997628
718.451505017  0.000580634092622
718.565217391  0.000621653386745
718.678929766  0.000667705727083
718.79264214  0.00071962692032
718.906354515  0.000778434064721
719.02006689  0.000845374646047
719.133779264  0.000921991814824
719.247491639  0.00101021221119
719.361204013  0.00111246565127
719.474916388  0.00123185052597
719.588628763  0.0013723658776
719.702341137  0.00153924250695
719.816053512  0.00173942409516
719.929765886  0.00198228055756
720.043478261  0.00228068959559
720.157190635  0.0026527176084
720.27090301  0.00312430508182
720.384615385  0.0037336903974
720.498327759  0.0045389504484
720.612040134  0.00563134755894
720.725752508  0.00715993670279
720.839464883  0.00937887206842
720.953177258  0.0127417379893
721.066889632  0.0180917402285
721.180602007  0.0270119112482
721.294314381  0.0421219734346
721.408026756  0.0647415162469
721.52173913  0.0823399783348
721.635451505  0.0722552194707
721.74916388  0.0487093321298
721.862876254  0.0310464845963
721.976588629  0.0204623998736
722.090301003  0.0141847404793
722.204013378  0.0103009698701
722.317725753  0.00777660396144
722.431438127  0.00606008759408
722.545150502  0.00484675817611
722.658862876  0.00396052322808
722.772575251  0.00329500028737
722.886287625  0.00278329135828
723.0  0.00238180868694
