691.0  0.000211425382422
691.110367893  0.000234474059003
691.220735786  0.000261854213711
691.331103679  0.000294734291272
691.441471572  0.000334702388331
691.551839465  0.000383958801154
691.662207358  0.000445618433413
691.772575251  0.000524199469631
691.882943144  0.000626438389118
691.993311037  0.000762697452254
692.10367893  0.000949489100848
692.214046823  0.00121418615889
692.324414716  0.00160414227767
692.434782609  0.00220474757059
692.545150502  0.00317396939119
692.655518395  0.00479171873209
692.765886288  0.00739984023535
692.876254181  0.0105372844827
692.986622074  0.0113288746582
693.096989967  0.00867520538056
693.20735786  0.0056940415648
693.317725753  0.00372183461805
693.428093645  0.00254184527545
693.538461538  0.001823756348
693.648829431  0.00136722015789
693.759197324  0.00106362255369
693.869565217  0.000853546265098
693.97993311  0.000703230723309
694.090301003  0.000592654344922
694.200668896  0.000509451690373
694.311036789  0.000445703130678
694.421404682  0.000396172780252
694.531772575  0.000357303351078
694.642140468  0.000326621978456
694.752508361  0.000302377567192
694.862876254  0.00028331316083
694.973244147  0.000268519657175
695.08361204  0.000257340084974
695.193979933  0.000249306316348
695.304347826  0.000244097329686
695.414715719  0.00024151242963
695.525083612  0.000241455490035
695.635451505  0.000243928043739
695.745819398  0.000249030333282
695.856187291  0.000256970548704
695.966555184  0.000268083649673
696.076923077  0.000282862657189
696.18729097  0.000302007463726
696.297658863  0.000326499634331
696.408026756  0.000357717390869
696.518394649  0.000397614920335
696.628762542  0.000449008076551
696.739130435  0.000516041989723
696.849498328  0.000604980728156
696.959866221  0.000725588572599
697.070234114  0.000893640401073
697.180602007  0.00113566673668
697.2909699  0.00149823445005
697.401337793  0.00206629834589
697.511705686  0.00299677966835
697.622073579  0.00455253481452
697.732441472  0.00693678553588
697.842809365  0.0091965640382
697.953177258  0.00876318960589
698.063545151  0.00624409552801
698.173913043  0.00406816586426
698.284280936  0.00270899838192
698.394648829  0.00189653826134
698.505016722  0.00139571177315
698.615384615  0.00107273559552
698.725752508  0.000855324489827
698.836120401  0.000703501855532
698.946488294  0.000594238706983
699.056856187  0.000513696795261
699.16722408  0.000453231554395
699.277591973  0.000407255982204
699.387959866  0.000372053407508
699.498327759  0.000345092555786
699.608695652  0.00032461887928
699.719063545  0.000309403545583
699.829431438  0.000298585645916
699.939799331  0.000291571501692
700.050167224  0.00028797029995
700.160535117  0.000287553933878
700.27090301  0.000290234016396
700.381270903  0.000296052229004
700.491638796  0.000305182388371
700.602006689  0.000317944431758
700.712374582  0.000334832372233
700.822742475  0.000356560595177
700.933110368  0.000384136253641
701.043478261  0.000418970939411
701.153846154  0.000463053994203
701.264214047  0.000519226070622
701.37458194  0.000591621349273
701.484949833  0.000686403455325
701.595317726  0.000813031704905
701.705685619  0.000986521994754
701.816053512  0.00123164516378
701.926421405  0.00159102259162
702.036789298  0.00214113563139
702.147157191  0.00302327708004
702.257525084  0.00449113505772
702.367892977  0.00688502415862
702.47826087  0.00995483381773
702.588628763  0.0111766605895
702.698996656  0.00889095856892
702.809364548  0.00594069857605
702.919732441  0.00393312934667
703.030100334  0.00273685878916
703.140468227  0.00202253745238
703.25083612  0.00158385970065
703.361204013  0.00130982123003
703.471571906  0.00114185600918
703.581939799  0.0010498978925
703.692307692  0.00102112978329
703.802675585  0.00105600541985
703.913043478  0.00116959185845
704.023411371  0.00139897033772
704.133779264  0.00181842580243
704.244147157  0.00254950485054
704.35451505  0.00364141292599
704.464882943  0.00449374707348
704.575250836  0.00403406857985
704.685618729  0.00287752519814
704.795986622  0.00197637032031
704.906354515  0.00142703494557
705.016722408  0.00110170970111
705.127090301  0.000904951548849
705.237458194  0.000783779748791
705.347826087  0.000709804139433
705.45819398  0.000667593092791
705.568561873  0.000648690799665
705.678929766  0.000648646602264
705.789297659  0.000665555853559
705.899665552  0.000699396437459
706.010033445  0.000751844906967
706.120401338  0.000826466102665
706.230769231  0.000929311039849
706.341137124  0.00107010667401
706.451505017  0.00126445695395
706.56187291  0.00153793101912
706.672240803  0.00193386523987
706.782608696  0.00252868634128
706.892976589  0.00346214184261
707.003344482  0.00499132856135
707.113712375  0.00753414164609
707.224080268  0.0113254521959
707.334448161  0.014551959414
707.444816054  0.0134362387626
707.555183946  0.0096895821482
707.665551839  0.00678349042807
707.775919732  0.00524456895018
707.886287625  0.00470776075062
707.996655518  0.00466392167234
708.107023411  0.00428552594824
708.217391304  0.00347886977178
708.327759197  0.00284962229218
708.43812709  0.00257163334244
708.548494983  0.00261535448761
708.658862876  0.00300085059137
708.769230769  0.0038585344968
708.879598662  0.00543286234007
708.989966555  0.00775576365889
709.100334448  0.00933645174468
709.210702341  0.00805872044806
709.321070234  0.00556288187592
709.431438127  0.00369268731918
709.54180602  0.00254818837737
709.652173913  0.00185401361896
709.762541806  0.00141604419949
709.872909699  0.00112695235253
709.983277592  0.000928571626567
710.093645485  0.000788478940629
710.204013378  0.000687985924985
710.314381271  0.000616112341666
710.424749164  0.000566545907899
710.535117057  0.000536168682384
710.64548495  0.000524537629272
710.755852843  0.000534164036549
710.866220736  0.000571817452447
710.976588629  0.000651574735654
711.086956522  0.000800846787943
711.197324415  0.00106833077357
711.307692308  0.00150708297075
711.418060201  0.00200204961836
711.528428094  0.0020429620856
711.638795987  0.00155407749653
711.74916388  0.00106286025788
711.859531773  0.000743057908258
711.969899666  0.000549092884767
712.080267559  0.000428005074303
712.190635452  0.000348509175632
712.301003344  0.000293650425159
712.411371237  0.000254093027296
712.52173913  0.000224484473636
712.632107023  0.000201617393877
712.742474916  0.000183487773754
712.852842809  0.000168795217067
712.963210702  0.000156667012351
713.073578595  0.000146499735788
713.183946488  0.00013786497885
713.294314381  0.00013045136133
713.404682274  0.000124027783823
713.515050167  0.000118419503978
713.62541806  0.000113492177147
713.735785953  0.000109140972232
713.846153846  0.000105282998305
713.956521739  0.000101851937728
714.066889632  9.87941789576e-05
714.177257525  9.60659872057e-05
714.287625418  9.36314054289e-05
714.397993311  9.1460677245e-05
714.508361204  8.95290482745e-05
714.618729097  8.78158455955e-05
714.72909699  8.63037642296e-05
714.839464883  8.49783096406e-05
714.949832776  8.38273592029e-05
715.060200669  8.28408154547e-05
715.170568562  8.2010330995e-05
715.280936455  8.13290899796e-05
715.391304348  8.07916349017e-05
715.501672241  8.03937301014e-05
715.612040134  8.01322555254e-05
715.722408027  8.00051258294e-05
715.83277592  8.00112311339e-05
715.943143813  8.01503966955e-05
716.053511706  8.0423359526e-05
716.163879599  8.08317606173e-05
716.274247492  8.13781519708e-05
716.384615385  8.20660181015e-05
716.494983278  8.28998121226e-05
716.605351171  8.38850069418e-05
716.715719064  8.50281625258e-05
716.826086957  8.63370106421e-05
716.936454849  8.78205589849e-05
717.046822742  8.94892171558e-05
717.157190635  9.13549476265e-05
717.267558528  9.34314455886e-05
717.377926421  9.57343525366e-05
717.488294314  9.82815095749e-05
717.598662207  0.000101093257854
717.7090301  0.000104192795299
717.819397993  0.000107606600994
717.929765886  0.00011136494138
718.040133779  0.000115502475929
718.150501672  0.00012005898453
718.260869565  0.000125080244589
718.371237458  0.000130619093454
718.481605351  0.000136736721624
718.591973244  0.000143504255201
718.702341137  0.000151004703288
718.81270903  0.000159335369084
718.923076923  0.000168610854536
719.033444816  0.000178966830755
719.143812709  0.00019056480459
719.254180602  0.000203598192621
719.364548495  0.000218300127342
719.474916388  0.000234953581617
719.585284281  0.000253904629496
719.695652174  0.000275579999885
719.806020067  0.000300510579989
719.91638796  0.000329363277427
720.026755853  0.000362984798528
720.137123746  0.000402462687125
720.247491639  0.000449211802392
720.357859532  0.000505099006539
720.468227425  0.000572626447781
720.578595318  0.000655206771043
720.688963211  0.000757586212791
720.799331104  0.000886512260343
720.909698997  0.00105181824627
721.02006689  0.00126824280631
721.130434783  0.00155859208213
721.240802676  0.00195945002955
721.351170569  0.00253190582708
721.461538462  0.00338244006447
721.571906355  0.00470428067514
721.682274247  0.00685494489421
721.79264214  0.0104521008853
721.903010033  0.0161202919227
722.013377926  0.0222182335258
722.123745819  0.0224098316701
722.234113712  0.0164255455794
722.344481605  0.0106655200868
722.454849498  0.00698225737041
722.565217391  0.00478009013657
722.675585284  0.00342905555902
722.785953177  0.00256147472761
722.89632107  0.00197856384078
723.006688963  0.00157095501141
723.117056856  0.00127602730828
723.227424749  0.00105635219366
723.337792642  0.000888638167936
723.448160535  0.000757856473451
723.558528428  0.000653994003015
723.668896321  0.000570188198069
723.779264214  0.000501616986081
723.889632107  0.000444816410516
724.0  0.000397248765064
