687.0  0.000687729926817
687.120401338  0.000771029450914
687.240802676  0.00087119915852
687.361204013  0.000993118877287
687.481605351  0.00114355283209
687.602006689  0.00133208428102
687.722408027  0.0015726305045
687.842809365  0.00188598086853
687.963210702  0.00230420894804
688.08361204  0.00287866495089
688.204013378  0.00369512124416
688.324414716  0.00490385207407
688.444816054  0.00678191762897
688.565217391  0.00986374648952
688.685618729  0.0151848913121
688.806020067  0.0243979487898
688.926421405  0.0372269284154
689.046822742  0.0424984970512
689.16722408  0.0322564910893
689.287625418  0.0203073088891
689.408026756  0.0127917120356
689.528428094  0.00849857970131
689.648829431  0.00596908512194
689.769230769  0.00439522594255
689.889632107  0.00336327984444
690.010033445  0.00265543327354
690.130434783  0.00215120679265
690.25083612  0.00178052495454
690.371237458  0.00150072105962
690.491638796  0.00128474910386
690.612040134  0.00111485221895
690.732441472  0.00097901001522
690.852842809  0.000868864741769
690.973244147  0.000778467084779
691.093645485  0.000703493335315
691.214046823  0.000640742806152
691.334448161  0.000587806928406
691.454849498  0.000542846391029
691.575250836  0.000504437949181
691.695652174  0.000471467157942
691.816053512  0.000443051992341
691.936454849  0.000418487622525
692.056856187  0.000397205923382
692.177257525  0.000378745405647
692.297658863  0.000362728623333
692.418060201  0.000348845015613
692.538461538  0.000336837747559
692.658862876  0.00032649352726
692.779264214  0.000317634662306
692.899665552  0.000310112818478
693.02006689  0.000303804085108
693.140468227  0.000298605053178
693.260869565  0.000294429685817
693.381270903  0.000291206814845
693.501672241  0.000288878136939
693.622073579  0.000287396612908
693.742474916  0.000286725196148
693.862876254  0.000286835833665
693.983277592  0.000287708696478
694.10367893  0.000289331606747
694.224080268  0.000291699637507
694.344481605  0.000294814867835
694.464882943  0.000298686282243
694.585284281  0.000303329808291
694.705685619  0.000308768491282
694.826086957  0.000315032809561
694.946488294  0.000322161138774
695.066889632  0.00033020037857
695.18729097  0.000339206761068
695.307692308  0.000349246867114
695.428093645  0.0003603988845
695.548494983  0.000372754152184
695.668896321  0.000386419046987
695.789297659  0.000401517284892
695.909698997  0.000418192729167
696.030100334  0.000436612823561
696.150501672  0.000456972802798
696.27090301  0.000479500877449
696.391304348  0.00050446464995
696.511705686  0.000532179098688
696.632107023  0.000563016575816
696.752508361  0.000597419413257
696.872909699  0.000635915937346
696.993311037  0.000679140980614
697.113712375  0.000727862386844
697.234113712  0.000783015589714
697.35451505  0.000845749193426
697.474916388  0.000917485733047
697.595317726  0.00100000366078
697.715719064  0.00109554944599
697.836120401  0.00120699307627
697.956521739  0.00133804719257
698.076923077  0.00149358129135
698.197324415  0.0016800809096
698.317725753  0.00190633299062
698.43812709  0.00218447305963
698.558528428  0.00253162747137
698.678929766  0.00297256504868
698.799331104  0.00354412063678
698.919732441  0.00430284964698
699.040133779  0.00533882515255
699.160535117  0.00680164562023
699.280936455  0.00895181882244
699.401337793  0.0122667380132
699.52173913  0.0176631876176
699.642140468  0.0269237389431
699.762541806  0.0430191678713
699.882943144  0.0664580134874
700.003344482  0.0792547005133
700.123745819  0.0626856945483
700.244147157  0.0401040487047
700.364548495  0.0255169708214
700.484949833  0.0172757707842
700.605351171  0.0125897381272
700.725752508  0.00989627273546
700.846153846  0.00844613190036
700.966555184  0.00794492570388
701.086956522  0.00842117842555
701.20735786  0.0102309482979
701.327759197  0.0138365429557
701.448160535  0.0176621439927
701.568561873  0.0164111007172
701.688963211  0.0115019177276
701.809364548  0.00765318850228
701.929765886  0.0053580644044
702.050167224  0.00399824172944
702.170568562  0.00314923527108
702.2909699  0.00258854442983
702.411371237  0.002200406169
702.531772575  0.00192186279335
702.652173913  0.00171685035471
702.772575251  0.00156370959132
702.892976589  0.00144892206341
703.013377926  0.00136382083937
703.133779264  0.00130278958726
703.254180602  0.00126224542475
703.37458194  0.00124005821772
703.494983278  0.00123523020298
703.615384615  0.00124774688126
703.735785953  0.00127855862213
703.856187291  0.00132968422601
703.976588629  0.00140445509702
704.096989967  0.00150795128617
704.217391304  0.00164773014823
704.337792642  0.00183503445848
704.45819398  0.00208682851907
704.578595318  0.00242933098668
704.698996656  0.0029043772468
704.819397993  0.0035813820423
704.939799331  0.00458089909358
705.060200669  0.00612308151392
705.180602007  0.00862949548207
705.301003344  0.012921373699
705.421404682  0.0204033975742
705.54180602  0.0316015022003
705.662207358  0.0386620592768
705.782608696  0.0314444376598
705.903010033  0.0204575832994
706.023411371  0.0132746918157
706.143812709  0.00932213370744
706.264214047  0.00727728046879
706.384615385  0.00646195767097
706.505016722  0.00663514963397
706.62541806  0.00735513501894
706.745819398  0.00712610132466
706.866220736  0.00582648613041
706.986622074  0.00490243541638
707.107023411  0.0047364127795
707.227424749  0.00536699117593
707.347826087  0.00705268693502
707.468227425  0.0101024557037
707.588628763  0.0130088119692
707.7090301  0.0117320555519
707.829431438  0.00800170640247
707.949832776  0.00521544673192
708.070234114  0.00357940111164
708.190635452  0.00261883152044
708.311036789  0.00202454218966
708.431438127  0.00163586534927
708.551839465  0.00136937814606
708.672240803  0.00117980788736
708.79264214  0.00104132960345
708.913043478  0.000938547576412
709.033444816  0.000861971812821
709.153846154  0.000805650699378
709.274247492  0.000765890623232
709.394648829  0.000740557842517
709.515050167  0.000728719288205
709.635451505  0.000730509120151
709.755852843  0.000747182508576
709.876254181  0.000781375134677
709.996655518  0.000837652802487
710.117056856  0.000923542643211
710.237458194  0.00105144579495
710.357859532  0.00124227433945
710.47826087  0.00153264373787
710.598662207  0.00198968870512
710.719063545  0.00274221992692
710.839464883  0.00404158580112
710.959866221  0.00631993925659
711.080267559  0.00975464009662
711.200668896  0.0119663021006
711.321070234  0.00974965770451
711.441471572  0.00629405038718
711.56187291  0.00399239050449
711.682274247  0.00267102218648
711.802675585  0.00189706922593
711.923076923  0.00141837129659
712.043478261  0.00110556391527
712.163879599  0.00089108508647
712.284280936  0.000737922064174
712.404682274  0.000624739624175
712.525083612  0.000538648498148
712.64548495  0.000471531698457
712.765886288  0.000418088636242
712.886287625  0.000374746482595
713.006688963  0.000339029246521
713.127090301  0.000309178637478
713.247491639  0.000283918747276
713.367892977  0.000262305719518
713.488294314  0.000243629199226
713.608695652  0.000227346210632
713.72909699  0.000213035854293
713.849498328  0.000200367674513
713.969899666  0.000189079188145
714.090301003  0.000178959668478
714.210702341  0.000169838273282
714.331103679  0.000161575237406
714.451505017  0.000154055258606
714.571906355  0.000147182474041
714.692307692  0.00014087660469
714.81270903  0.000135069967202
714.933110368  0.000129705136868
715.053511706  0.000124733104237
715.173913043  0.000120111809505
715.294314381  0.000115804968498
715.414715719  0.000111781125612
715.535117057  0.000108012884763
715.655518395  0.000104476280948
715.775919732  0.000101150263694
715.89632107  9.80162700579e-05
716.016722408  9.50578697947e-05
716.137123746  9.22604689924e-05
716.257525084  8.96110613545e-05
716.377926421  8.70980185113e-05
716.498327759  8.47109124643e-05
716.618729097  8.24403646125e-05
716.739130435  8.02779168709e-05
716.859531773  7.82159212279e-05
716.97993311  7.62474447608e-05
717.100334448  7.4366187658e-05
717.220735786  7.25664122327e-05
717.341137124  7.08428812545e-05
717.461538462  6.91908042118e-05
717.581939799  6.7605790346e-05
717.702341137  6.60838074865e-05
717.822742475  6.46211458717e-05
717.943143813  6.32143862674e-05
718.063545151  6.18603718007e-05
718.183946488  6.05561830159e-05
718.304347826  5.92991157299e-05
718.424749164  5.80866613298e-05
718.545150502  5.69164892034e-05
718.665551839  5.5786431038e-05
718.785953177  5.46944667615e-05
718.906354515  5.36387119267e-05
719.026755853  5.26174063704e-05
719.147157191  5.16289039986e-05
719.267558528  5.06716635698e-05
719.387959866  4.97442403638e-05
719.508361204  4.88452786382e-05
719.628762542  4.79735047874e-05
719.74916388  4.7127721128e-05
719.869565217  4.63068002448e-05
719.989966555  4.55096798391e-05
720.110367893  4.47353580281e-05
720.230769231  4.39828890488e-05
720.351170569  4.32513793274e-05
720.471571906  4.25399838778e-05
720.591973244  4.18479029966e-05
720.712374582  4.11743792274e-05
720.83277592  4.05186945691e-05
720.953177258  3.98801679039e-05
721.073578595  3.92581526269e-05
721.193979933  3.86520344581e-05
721.314381271  3.80612294198e-05
721.434782609  3.74851819671e-05
721.555183946  3.69233632548e-05
721.675585284  3.63752695327e-05
721.795986622  3.58404206555e-05
721.91638796  3.5318358699e-05
722.036789298  3.48086466738e-05
722.157190635  3.43108673285e-05
722.277591973  3.38246220342e-05
722.397993311  3.33495297457e-05
722.518394649  3.28852260316e-05
722.638795987  3.24313621686e-05
722.759197324  3.19876042956e-05
722.879598662  3.15536326219e-05
723.0  3.1129140686e-05
