687.0  0.00113337708811
687.08361204  0.00123300122539
687.16722408  0.00134708922288
687.25083612  0.00147858364182
687.334448161  0.00163120862114
687.418060201  0.0018097299845
687.501672241  0.00202032080592
687.585284281  0.00227108343699
687.668896321  0.00257280790997
687.752508361  0.00294009443575
687.836120401  0.00339304837672
687.919732441  0.00395989490951
688.003344482  0.00468110388546
688.086956522  0.00561604723004
688.170568562  0.00685397811087
688.254180602  0.00853244332049
688.337792642  0.0108682682241
688.421404682  0.0142080416499
688.505016722  0.0190992707441
688.588628763  0.0263334558036
688.672240803  0.0366794373823
688.755852843  0.049387188713
688.839464883  0.0590129877374
688.923076923  0.0575953754683
689.006688963  0.0465169069737
689.090301003  0.034084757891
689.173913043  0.0244720712107
689.257525084  0.0178456513343
689.341137124  0.0133669242671
689.424749164  0.010295489995
689.508361204  0.00813547741764
689.591973244  0.00657503794485
689.675585284  0.00541873717084
689.759197324  0.00454202119662
689.842809365  0.00386362200143
689.926421405  0.00332917879177
690.010033445  0.00290144194007
690.093645485  0.00255430560654
690.177257525  0.00226909154932
690.260869565  0.00203218146449
690.344481605  0.00183347459539
690.428093645  0.00166536156155
690.511705686  0.00152202805484
690.595317726  0.00139897364715
690.678929766  0.00129267358099
690.762541806  0.00120033731018
690.846153846  0.00111973360417
690.929765886  0.00104906216101
691.013377926  0.000986858186552
691.096989967  0.000931920655715
691.180602007  0.0008832577994
691.264214047  0.000840045267372
691.347826087  0.000801593721041
691.431438127  0.000767323512955
691.515050167  0.000736744743131
691.598662207  0.00070944143161
691.682274247  0.000685058868894
691.765886288  0.000663293439453
691.849498328  0.00064388438439
691.933110368  0.000626607095535
692.016722408  0.000611267627271
692.100334448  0.000597698183001
692.183946488  0.000585753386615
692.267558528  0.0005753071901
692.351170569  0.000566250299734
692.434782609  0.000558488027565
692.518394649  0.000551938493689
692.602006689  0.000546531119677
692.685618729  0.000542205365121
692.769230769  0.000538909668551
692.852842809  0.000536600561363
692.936454849  0.000535241929363
693.02006689  0.000534804401329
693.10367893  0.000535264847991
693.18729097  0.000536605978033
693.27090301  0.000538816020468
693.35451505  0.000541888485035
693.43812709  0.000545821994232
693.52173913  0.000550620182342
693.605351171  0.000556291658353
693.688963211  0.00056285003112
693.772575251  0.000570313996455
693.856187291  0.000578707487192
693.939799331  0.000588059888605
694.023411371  0.000598406322977
694.107023411  0.000609788008657
694.190635452  0.000622252700613
694.274247492  0.000635855221404
694.357859532  0.000650658093689
694.441471572  0.000666732287986
694.525083612  0.000684158102389
694.608695652  0.000703026194664
694.692307692  0.000723438791496
694.775919732  0.000745511105038
694.859531773  0.00076937299348
694.943143813  0.000795170910448
695.026755853  0.000823070198057
695.110367893  0.000853257791005
695.193979933  0.00088594541475
695.277591973  0.000921373380673
695.361204013  0.00095981510626
695.444816054  0.00100158252046
695.528428094  0.00104703255567
695.612040134  0.00109657498116
695.695652174  0.0011506819023
695.779264214  0.00120989934109
695.862876254  0.00127486143403
695.946488294  0.00134630794378
696.030100334  0.00142510599652
696.113712375  0.00151227724894
696.197324415  0.0016090320877
696.280936455  0.00171681301538
696.364548495  0.00183735014578
696.448160535  0.00197273281562
696.531772575  0.00212550286743
696.615384615  0.00229877739458
696.698996656  0.00249641201395
696.782608696  0.00272322059416
696.866220736  0.00298527469806
696.949832776  0.00329031722719
697.033444816  0.00364834225155
697.117056856  0.00407242076366
697.200668896  0.00457989697103
697.284280936  0.00519415374627
697.367892977  0.00594727039681
697.451505017  0.00688410974424
697.535117057  0.00806874542247
697.618729097  0.00959480321104
697.702341137  0.0116024686639
697.785953177  0.0143069584874
697.869565217  0.0180464672826
697.953177258  0.0233608794223
698.036789298  0.0311062283464
698.120401338  0.0425439821756
698.204013378  0.0590205316929
698.287625418  0.079874501466
698.371237458  0.0973026092109
698.454849498  0.0976994670308
698.538461538  0.0807922305906
698.622073579  0.0601245007806
698.705685619  0.043759413534
698.789297659  0.0324816381363
698.872909699  0.0249678868764
698.956521739  0.0199584768636
699.040133779  0.0166028576954
699.123745819  0.0143755916158
699.20735786  0.0129640218768
699.2909699  0.012193085504
699.37458194  0.011984035251
699.45819398  0.0123377666279
699.54180602  0.0133380599429
699.62541806  0.0151749304844
699.7090301  0.0181890108205
699.79264214  0.022917172341
699.876254181  0.0300043674795
699.959866221  0.0394574630232
700.043478261  0.0484798902745
700.127090301  0.0509815330249
700.210702341  0.0455060718873
700.294314381  0.0380732589815
700.377926421  0.03330341477
700.461538462  0.0318369393321
700.545150502  0.0316835414719
700.628762542  0.0294415866712
700.712374582  0.024290945036
700.795986622  0.018662030466
700.879598662  0.0141886733657
700.963210702  0.0110001159001
701.046822742  0.00876554675589
701.130434783  0.00717330853451
701.214046823  0.0060087274776
701.297658863  0.00513389125087
701.381270903  0.00446055881304
701.464882943  0.00393125754072
701.548494983  0.00350762327346
701.632107023  0.0031633831882
701.715719064  0.00288010182379
701.799331104  0.00264455276667
701.882943144  0.00244705714996
701.966555184  0.00228040839236
702.050167224  0.00213916047337
702.133779264  0.002019146899
702.217391304  0.00191714940977
702.301003344  0.00183066604306
702.384615385  0.00175774654168
702.468227425  0.00169687439725
702.551839465  0.00164688191415
702.635451505  0.0016068892407
702.719063545  0.00157626131809
702.802675585  0.00155457873564
702.886287625  0.00154161991811
702.969899666  0.00153735314389
703.053511706  0.00154193776061
703.137123746  0.00155573474795
703.220735786  0.00157932757907
703.304347826  0.00161355525748
703.387959866  0.0016595605844
703.471571906  0.0017188583186
703.555183946  0.00179343018729
703.638795987  0.00188585710039
703.722408027  0.00199950406362
703.806020067  0.00213878125224
703.889632107  0.00230951730256
703.973244147  0.00251950119661
704.056856187  0.00277928256691
704.140468227  0.00310337646575
704.224080268  0.00351211504751
704.307692308  0.00403455702754
704.391304348  0.00471316418533
704.474916388  0.0056114848238
704.558528428  0.00682700740711
704.642140468  0.00851281255416
704.725752508  0.0109132239901
704.809364548  0.0144162827593
704.892976589  0.0195981929361
704.976588629  0.0270957434383
705.060200669  0.0367059909236
705.143812709  0.0450430875034
705.227424749  0.0457428025094
705.311036789  0.0381502025724
705.394648829  0.0284692181881
705.47826087  0.0206904148571
705.56187291  0.0152949929621
705.64548495  0.0116823118288
705.72909699  0.009256419403
705.81270903  0.00761095959628
705.89632107  0.00649381270468
705.97993311  0.00575436957828
706.063545151  0.00530790008731
706.147157191  0.00511617024985
706.230769231  0.00517959212748
706.314381271  0.00553593919148
706.397993311  0.00625240560937
706.481605351  0.00736333286157
706.565217391  0.00866972969103
706.648829431  0.00963618981813
706.732441472  0.0101311682265
706.816053512  0.010888458697
706.899665552  0.0125345233768
706.983277592  0.0147878473228
707.066889632  0.0160157997476
707.150501672  0.0146208770257
707.234113712  0.0115591303369
707.317725753  0.0086247176204
707.401337793  0.0064484879662
707.484949833  0.00494813397656
707.568561873  0.00391697936855
707.652173913  0.00319324968117
707.735785953  0.00267120672533
707.819397993  0.00228432695584
707.903010033  0.00199053837938
707.986622074  0.00176269448769
708.070234114  0.00158284734367
708.153846154  0.00143883743617
708.237458194  0.00132223876336
708.321070234  0.00122709590099
708.404682274  0.00114913068188
708.488294314  0.00108523322296
708.571906355  0.0010331292617
708.655518395  0.000991159649145
708.739130435  0.000958133235383
708.822742475  0.000933229419042
708.906354515  0.000915935804992
708.989966555  0.000906012244759
709.073578595  0.000903476485017
709.157190635  0.000908609620753
709.240802676  0.000921982161783
709.324414716  0.000944504294087
709.408026756  0.000977507414206
709.491638796  0.00102286900061
709.575250836  0.00108320055794
709.658862876  0.00116213075028
709.742474916  0.00126473648296
709.826086957  0.00139821000337
709.909698997  0.00157291175076
709.993311037  0.00180406793942
710.076923077  0.00211456601306
710.160535117  0.00253963780809
710.244147157  0.00313474812147
710.327759197  0.00398853758828
710.411371237  0.00524158744532
710.494983278  0.00710073600562
710.578595318  0.00978476186932
710.662207358  0.0131759586575
710.745819398  0.0159777555854
710.829431438  0.0159706790376
710.913043478  0.0131543979627
710.996655518  0.00974825486629
711.080267559  0.00704904100967
711.163879599  0.00517453030877
711.247491639  0.00390589728648
711.331103679  0.00303622720911
711.414715719  0.00242485808756
711.498327759  0.00198306693734
711.581939799  0.0016553030552
711.665551839  0.00140624269392
711.74916388  0.0012128981509
711.83277592  0.00105993225795
711.91638796  0.00093686038809
712.0  0.00083634996322
