686.0  0.000740464284795
686.120401338  0.000811854546822
686.240802676  0.000894751530976
686.361204013  0.000991783948327
686.481605351  0.00110637334784
686.602006689  0.00124303746693
686.722408027  0.00140783704502
686.842809365  0.0016090484461
686.963210702  0.00185820103091
687.08361204  0.0021717208918
687.204013378  0.0025736153344
687.324414716  0.00310000822511
687.444816054  0.00380709873974
687.565217391  0.00478572921768
687.685618729  0.00618930029066
687.806020067  0.00828981720765
687.926421405  0.0115947843997
688.046822742  0.0170902211971
688.16722408  0.0266566658637
688.287625418  0.0428919854728
688.408026756  0.0626556677128
688.528428094  0.0646148908199
688.648829431  0.045739603018
688.769230769  0.0284953978122
688.889632107  0.0181449982003
689.010033445  0.0122205726263
689.130434783  0.00868633674146
689.25083612  0.00645852364621
689.371237458  0.00498099604291
689.491638796  0.00395771710695
689.612040134  0.00322292889625
689.732441472  0.00267911802345
689.852842809  0.00226631040654
689.973244147  0.00194615314942
690.093645485  0.0016932723397
690.214046823  0.00149037613325
690.334448161  0.00132537097777
690.454849498  0.00118960385433
690.575250836  0.00107675744108
690.695652174  0.000982136353195
690.816053512  0.000902194558225
690.936454849  0.000834215485396
691.056856187  0.000776091133592
691.177257525  0.000726166762155
691.297658863  0.000683129887636
691.418060201  0.000645929752876
691.538461538  0.000613718100701
691.658862876  0.000585805069215
691.779264214  0.000561625970882
691.899665552  0.000540716007334
692.02006689  0.000522690840747
692.140468227  0.000507231536723
692.260869565  0.000494072805485
692.381270903  0.000482993757441
692.501672241  0.000473810594777
692.622073579  0.000466370808641
692.742474916  0.000460548558994
692.862876254  0.000456240993284
692.983277592  0.000453365318849
693.10367893  0.000451856488128
693.224080268  0.000451665389389
693.344481605  0.000452757461583
693.464882943  0.000455111672329
693.585284281  0.00045871981431
693.705685619  0.000463586088772
693.826086957  0.000469726956253
693.946488294  0.000477171244752
694.066889632  0.000485960515008
694.18729097  0.000496149691822
694.307692308  0.000507807979964
694.428093645  0.000521020093788
694.548494983  0.000535887841646
694.668896321  0.000552532120492
694.789297659  0.000571095393393
694.909698997  0.000591744744282
695.030100334  0.000614675631707
695.150501672  0.0006401164985
695.27090301  0.000668334440139
695.391304348  0.000699642194786
695.511705686  0.000734406798066
695.632107023  0.000773060353078
695.752508361  0.00081611351184
695.872909699  0.000864172463983
695.993311037  0.000917960505082
696.113712375  0.000978345644625
696.234113712  0.00104637626363
696.35451505  0.00112332762287
696.474916388  0.00121076317623
696.595317726  0.0013106163528
696.715719064  0.00142530104496
696.836120401  0.00155786298862
696.956521739  0.00171219039874
697.076923077  0.00189331210233
697.197324415  0.00210782758777
697.317725753  0.00236454058808
697.43812709  0.00267541489075
697.558528428  0.0030570551986
697.678929766  0.003533071641
697.799331104  0.00413798636188
697.919732441  0.0049239423501
698.040133779  0.0059727357988
698.160535117  0.00741844465234
698.280936455  0.00949206950745
698.401337793  0.0126127650194
698.52173913  0.0175696856511
698.642140468  0.0257790337515
698.762541806  0.0387255448108
698.882943144  0.0527307978011
699.003344482  0.0588809738632
699.123745819  0.0664332376907
699.244147157  0.0851756914427
699.364548495  0.0964763287377
699.484949833  0.0768754041554
699.605351171  0.0506831087184
699.725752508  0.034079375362
699.846153846  0.025475705453
699.966555184  0.0221052829147
700.086956522  0.0229264626966
700.20735786  0.0270332694079
700.327759197  0.0286340892802
700.448160535  0.0225257164411
700.568561873  0.0153279739509
700.688963211  0.0106064984475
700.809364548  0.00776880522212
700.929765886  0.00599592082498
701.050167224  0.00482157761768
701.170568562  0.00400167397922
701.2909699  0.00340435373753
701.411371237  0.00295445392974
701.531772575  0.00260676240676
701.652173913  0.00233275184153
701.772575251  0.00211367634637
701.892976589  0.00193679749702
702.013377926  0.00179322484106
702.133779264  0.00167662957196
702.254180602  0.00158245199103
702.37458194  0.00150740031522
702.494983278  0.00144912879898
702.615384615  0.00140603141915
702.735785953  0.0013771143915
702.856187291  0.00136192681215
702.976588629  0.00136053907896
703.096989967  0.00137356646347
703.217391304  0.00140224227568
703.337792642  0.00144855324096
703.45819398  0.0015154611213
703.578595318  0.00160725256873
703.698996656  0.00173008957555
703.819397993  0.00189288689376
703.939799331  0.00210874287941
704.060200669  0.00239734322841
704.180602007  0.00278914483978
704.301003344  0.00333295967954
704.421404682  0.00411033304104
704.54180602  0.0052641125633
704.662207358  0.00705761926202
704.782608696  0.00999858935715
704.903010033  0.0150689311209
705.023411371  0.0238178754416
705.143812709  0.0358627309692
705.264214047  0.0405304100886
705.384615385  0.0309153796234
705.505016722  0.0200507475203
705.62541806  0.0134126201472
705.745819398  0.00987846570482
705.866220736  0.00820414926989
705.986622074  0.00784058401916
706.107023411  0.00870729843148
706.227424749  0.0105335902517
706.347826087  0.0112821282714
706.468227425  0.00987798545306
706.588628763  0.00884866424012
706.7090301  0.00946558514867
706.829431438  0.0121831792437
706.949832776  0.0173010253028
707.070234114  0.0216692732297
707.190635452  0.0187833296175
707.311036789  0.0125572408876
707.431438127  0.00811646822947
707.551839465  0.00552452561948
707.672240803  0.00399709590695
707.79264214  0.00304674968355
707.913043478  0.00242118448014
708.033444816  0.00198878296435
708.153846154  0.00167759571925
708.274247492  0.00144619382382
708.394648829  0.00126954531872
708.515050167  0.00113187422234
708.635451505  0.00102287504344
708.755852843  0.000935613720419
708.876254181  0.000865315834278
708.996655518  0.000808642523331
709.117056856  0.000763245906332
709.237458194  0.000727491540434
709.357859532  0.00070028545866
709.47826087  0.000680970748218
709.598662207  0.000669274631846
709.719063545  0.000665297357699
709.839464883  0.000669542191118
709.959866221  0.000682993794874
710.080267559  0.000707262700723
710.200668896  0.000744829938843
710.321070234  0.00079945455678
710.441471572  0.000876860439688
710.56187291  0.000985924560039
710.682274247  0.00114080663746
710.802675585  0.00136492893362
710.923076923  0.00169876184961
711.043478261  0.00221574718797
711.163879599  0.00305575983514
711.284280936  0.00449204227598
711.404682274  0.0070130952721
711.525083612  0.0109811513722
711.64548495  0.0141885528333
711.765886288  0.0122211033019
711.886287625  0.00801314017939
712.006688963  0.00505010819181
712.127090301  0.00334073885016
712.247491639  0.00234685467601
712.367892977  0.00173786808134
712.488294314  0.00134348108141
712.608695652  0.00107525725439
712.72909699  0.000885112815421
712.849498328  0.000745535065824
712.969899666  0.000640014187797
713.090301003  0.00055821542201
713.210702341  0.000493425996614
713.331103679  0.000441142951873
713.451505017  0.000398259328552
713.571906355  0.000362577605813
713.692307692  0.000332509083565
713.81270903  0.000306882624817
713.933110368  0.000284819742348
714.053511706  0.000265651073293
714.173913043  0.000248859331539
714.294314381  0.000234039589665
714.414715719  0.000220871140102
714.535117057  0.000209097240451
714.655518395  0.000198510320359
714.775919732  0.00018894103202
714.89632107  0.000180250045266
715.016722408  0.000172321828983
715.137123746  0.000165059888013
715.257525084  0.000158383078953
715.377926421  0.000152222734331
715.498327759  0.000146520398538
715.618729097  0.000141226031095
715.739130435  0.000136296570068
715.859531773  0.000131694775295
715.97993311  0.000127388290748
716.100334448  0.000123348879717
716.220735786  0.000119551797272
716.341137124  0.000115975272459
716.461538462  0.000112600078765
716.581939799  0.000109409176004
716.702341137  0.000106387410304
716.822742475  0.000103521261626
716.943143813  0.000100798630351
717.063545151  9.82086561287e-05
717.183946488  9.57415635232e-05
717.304347826  9.33885299602e-05
717.424749164  9.1141572364e-05
717.545150502  8.89934494884e-05
717.665551839  8.69375774891e-05
717.785953177  8.49679567082e-05
717.906354515  8.30791079836e-05
718.026755853  8.1266017082e-05
718.147157191  7.95240860777e-05
718.267558528  7.78490906941e-05
718.387959866  7.62371427759e-05
718.508361204  7.4684657191e-05
718.628762542  7.31883225669e-05
718.74916388  7.17450753556e-05
718.869565217  7.03520767954e-05
718.989966555  6.90066924012e-05
719.110367893  6.77064736649e-05
719.230769231  6.64491416952e-05
719.351170569  6.52325725615e-05
719.471571906  6.40547841379e-05
719.591973244  6.29139242722e-05
719.712374582  6.18082601272e-05
719.83277592  6.07361685595e-05
719.953177258  5.96961274224e-05
720.073578595  5.86867076884e-05
720.193979933  5.77065663038e-05
720.314381271  5.67544396973e-05
720.434782609  5.5829137873e-05
720.555183946  5.49295390275e-05
720.675585284  5.40545846377e-05
720.795986622  5.32032749712e-05
720.91638796  5.23746649782e-05
721.036789298  5.15678605269e-05
721.157190635  5.07820149489e-05
721.277591973  5.00163258661e-05
721.397993311  4.92700322717e-05
721.518394649  4.85424118415e-05
721.638795987  4.78327784561e-05
721.759197324  4.71404799125e-05
721.879598662  4.64648958099e-05
722.0  4.58054355944e-05
