688.0  0.000443059200867
688.117056856  0.000481035348325
688.234113712  0.00052499534715
688.351170569  0.00057630388619
688.468227425  0.000636738220874
688.585284281  0.000708646485824
688.702341137  0.000795181078156
688.819397993  0.000900650292967
688.936454849  0.00103106110831
689.053511706  0.001194979926
689.170568562  0.00140493924134
689.287625418  0.00167981514985
689.404682274  0.0020489991647
689.52173913  0.00256002694087
689.638795987  0.00329315691265
689.755852843  0.00439045839309
689.872909699  0.00611562907218
689.989966555  0.00897401859882
690.107023411  0.0138931166498
690.224080268  0.0219664723313
690.341137124  0.0309262352141
690.45819398  0.0307247012013
690.575250836  0.0216699724799
690.692307692  0.0137073980446
690.809364548  0.00888072467839
690.926421405  0.00607750594283
691.043478261  0.00438571224668
691.160535117  0.0033104855274
691.277591973  0.0025935043443
691.394648829  0.00209540517072
691.511705686  0.00173734258897
691.628762542  0.00147255706793
691.745819398  0.00127210672781
691.862876254  0.00111739038854
691.97993311  0.000996053170279
692.096989967  0.000899650222385
692.214046823  0.000822262949306
692.331103679  0.000759651495038
692.448160535  0.000708719896323
692.565217391  0.000667169400206
692.682274247  0.000633268301708
692.799331104  0.000605695825725
692.91638796  0.000583434178673
693.033444816  0.000565692615607
693.150501672  0.000551853209202
693.267558528  0.000541431600896
693.384615385  0.000534048274875
693.501672241  0.000529407346288
693.618729097  0.00052728080408
693.735785953  0.000527496780831
693.852842809  0.000529930850499
693.969899666  0.000534499650662
694.086956522  0.000541156334057
694.204013378  0.000549887504124
694.321070234  0.0005607114004
694.43812709  0.000573677185295
694.555183946  0.000588865253279
694.672240803  0.000606388543952
694.789297659  0.000626394897345
694.906354515  0.00064907054829
695.023411371  0.000674644921721
695.140468227  0.000703396968249
695.257525084  0.000735663376323
695.37458194  0.000771849123358
695.491638796  0.000812440996659
695.608695652  0.000858024944654
695.725752508  0.000909308437898
695.842809365  0.000967149468786
695.959866221  0.00103259446207
696.076923077  0.00110692830214
696.193979933  0.00119174106011
696.311036789  0.00128901806722
696.428093645  0.00140126312773
696.545150502  0.00153166955213
696.662207358  0.00168436143906
696.779264214  0.00186474018597
696.89632107  0.00207999203624
697.013377926  0.00233984794132
697.130434783  0.0026577491758
697.247491639  0.00305268451951
697.364548495  0.00355217501181
697.481605351  0.00419729016557
697.598662207  0.00505140259525
697.715719064  0.00621611628922
697.83277592  0.00786156576225
697.949832776  0.0102866338928
698.066889632  0.0140424727975
698.183946488  0.0201807064388
698.301003344  0.0306349199281
698.418060201  0.0477691593618
698.535117057  0.0673339067967
698.652173913  0.0685011642037
698.769230769  0.0507257049139
698.886287625  0.0353188945616
699.003344482  0.0274185955472
699.120401338  0.0254345800961
699.237458194  0.0287018339891
699.35451505  0.0375515290293
699.471571906  0.0477260590448
699.588628763  0.0453443781524
699.705685619  0.0324167121855
699.822742475  0.0217288633579
699.939799331  0.0153591277134
700.056856187  0.0117688191901
700.173913043  0.00980099479174
700.2909699  0.00887571113413
700.408026756  0.00876997481419
700.525083612  0.0095126350187
700.642140468  0.0114051290064
700.759197324  0.0151639832614
700.876254181  0.0220354996185
700.993311037  0.0323476240011
701.110367893  0.038824314371
701.227424749  0.0320762392758
701.344481605  0.0213116504611
701.461538462  0.0139157362813
701.578595318  0.00957151209946
701.695652174  0.00698352571395
701.81270903  0.00536106163922
701.929765886  0.00428917074955
702.046822742  0.00354807698922
702.163879599  0.00301615530201
702.280936455  0.00262273064244
702.397993311  0.00232482071527
702.515050167  0.00209521486387
702.632107023  0.00191608534846
702.74916388  0.00177541375368
702.866220736  0.0016649128435
702.983277592  0.00157877616576
703.100334448  0.00151290386238
703.217391304  0.00146441271986
703.334448161  0.00143132226176
703.451505017  0.00141235437809
703.568561873  0.00140680993048
703.685618729  0.00141450122148
703.802675585  0.00143572906284
703.919732441  0.00147130017407
704.036789298  0.00152258651999
704.153846154  0.00159163428684
704.27090301  0.00168133786604
704.387959866  0.00179570530318
704.505016722  0.00194025912014
704.622073579  0.00212264540391
704.739130435  0.00235357417209
704.856187291  0.00264830381329
704.973244147  0.00302904904408
705.090301003  0.00352901272283
705.20735786  0.00419938425967
705.324414716  0.00512198560389
705.441471572  0.00643313976125
705.558528428  0.00837075376453
705.675585284  0.0113705778109
705.79264214  0.0162625422636
705.909698997  0.0246088133158
706.026755853  0.0386844438199
706.143812709  0.057110752064
706.260869565  0.0631492674102
706.377926421  0.0481992228348
706.494983278  0.0317107907141
706.612040134  0.0216547331179
706.72909699  0.0165669354009
706.846153846  0.0146995801392
706.963210702  0.0145502737813
707.080267559  0.0135008523481
707.197324415  0.011142052249
707.314381271  0.00954420807418
707.431438127  0.00935379407307
707.548494983  0.0107304035277
707.665551839  0.0141336265944
707.782608696  0.0193242934272
707.899665552  0.0216554095619
708.016722408  0.0172863537995
708.133779264  0.011820897156
708.25083612  0.00835063833758
708.367892977  0.00655207186468
708.484949833  0.00590077630536
708.602006689  0.00617337641423
708.719063545  0.00688175889235
708.836120401  0.00650187268476
708.953177258  0.00491761941629
709.070234114  0.00352850034701
709.18729097  0.00264044002826
709.304347826  0.00208365981504
709.421404682  0.00171608304707
709.538461538  0.00145888744706
709.655518395  0.00126972414879
709.772575251  0.0011249140625
709.889632107  0.00101048811568
710.006688963  0.00091776574225
710.123745819  0.000841096647113
710.240802676  0.000776652085727
710.357859532  0.000721746488313
710.474916388  0.000674439533345
710.591973244  0.000633293215448
710.7090301  0.000597218148151
710.826086957  0.000565373186724
710.943143813  0.000537097996734
711.060200669  0.000511866602026
711.177257525  0.000489254659177
711.294314381  0.000468915934834
711.411371237  0.000450565090593
711.528428094  0.000433964878044
711.64548495  0.000418916473707
711.762541806  0.000405252086593
711.879598662  0.000392829235668
711.996655518  0.000381526271366
712.113712375  0.000371238835779
712.230769231  0.000361877039452
712.347826087  0.000353363191252
712.464882943  0.000345629959458
712.581939799  0.000338618872289
712.698996656  0.000332279088048
712.816053512  0.000326566381269
712.933110368  0.000321442303375
713.050167224  0.000316873485453
713.16722408  0.000312831057742
713.284280936  0.00030929016571
713.401337793  0.000306229566799
713.518394649  0.000303631295094
713.635451505  0.000301480383784
713.752508361  0.00029976463726
713.869565217  0.000298474446407
713.986622074  0.000297602641914
714.10367893  0.00029714438159
714.220735786  0.000297097068557
714.337792642  0.000297460298013
714.454849498  0.000298235830929
714.571906355  0.000299427593678
714.688963211  0.000301041703162
714.806020067  0.000303086517531
714.923076923  0.000305572713154
715.040133779  0.000308513389018
715.157190635  0.000311924200317
715.274247492  0.000315823523605
715.391304348  0.000320232656577
715.508361204  0.000325176056297
715.62541806  0.000330681620602
715.742474916  0.000336781018422
715.859531773  0.000343510075991
715.976588629  0.000350909227372
716.093645485  0.00035902403944
716.210702341  0.000367905823621
716.327759197  0.000377612349178
716.444816054  0.000388208676028
716.56187291  0.000399768128882
716.678929766  0.000412373439285
716.795986622  0.000426118088045
716.913043478  0.00044110788793
717.030100334  0.000457462855823
717.147157191  0.000475319435258
717.264214047  0.000494833145175
717.381270903  0.000516181749828
717.498327759  0.000539569069292
717.615384615  0.000565229581821
717.732441472  0.000593434010677
717.849498328  0.000624496142483
717.966555184  0.00065878119605
718.08361204  0.000696716156634
718.200668896  0.00073880261957
718.317725753  0.00078563286242
718.434782609  0.00083791010469
718.551839465  0.00089647424623
718.668896321  0.000962334840019
718.785953177  0.00103671371239
718.903010033  0.00112110058553
719.02006689  0.0012173264242
719.137123746  0.00132766124114
719.254180602  0.00145494610435
719.371237458  0.00160277366081
719.488294314  0.00177573856284
719.605351171  0.00197979033354
719.722408027  0.00222273916229
719.839464883  0.00251499469891
719.956521739  0.00287066786769
720.073578595  0.0033092524171
720.190635452  0.00385825793071
720.307692308  0.00455745235773
720.424749164  0.00546592008374
720.54180602  0.00667423080092
720.658862876  0.00832626696682
720.775919732  0.0106600972274
720.892976589  0.0140879848033
721.010033445  0.0193591660514
721.127090301  0.0278942646826
721.244147157  0.0423996412965
721.361204013  0.0672235258425
721.47826087  0.102759572583
721.595317726  0.122580052113
721.712374582  0.0984545107748
721.829431438  0.063586131547
721.946488294  0.0402223293825
722.063545151  0.0266284408628
722.180602007  0.018590358112
722.297658863  0.013594321829
722.414715719  0.0103259338136
722.531772575  0.00808913738723
722.648829431  0.0064987347518
722.765886288  0.00533102801625
722.882943144  0.00445012683487
723.0  0.00377010553663
