691.0  0.000166231961736
691.107023411  0.000185325494557
691.214046823  0.000208155533349
691.321070234  0.000235767344601
691.428093645  0.000269595226458
691.535117057  0.000311647498568
691.642140468  0.00036480085332
691.74916388  0.000433282763315
691.856187291  0.000523488212921
691.963210702  0.000645412129195
692.070234114  0.000815256633399
692.177257525  0.00106034985518
692.284280936  0.00142866783917
692.391304348  0.00200705431856
692.498327759  0.00295098905381
692.605351171  0.00449228652629
692.712374582  0.006664806551
692.819397993  0.00822549005417
692.926421405  0.00728081318027
693.033444816  0.00507002939796
693.140468227  0.0033243948289
693.247491639  0.00223577955841
693.35451505  0.0015736415872
693.461538462  0.00115764028375
693.568561873  0.000884693599216
693.675585284  0.000698065988769
693.782608696  0.000565778851116
693.889632107  0.000469094976599
693.996655518  0.000396585549836
694.10367893  0.000341013742093
694.210702341  0.00029764068457
694.317725753  0.000263269737534
694.424749164  0.000235687563286
694.531772575  0.000213326199004
694.638795987  0.000195052471543
694.745819398  0.000180033140533
694.852842809  0.000167646400827
694.959866221  0.000157422529906
695.066889632  0.000149003312401
695.173913043  0.000142113841564
695.280936455  0.000136542658627
695.387959866  0.000132127631424
695.494983278  0.000128745873853
695.602006689  0.000126306584089
695.7090301  0.000124746058473
695.816053512  0.000124024395622
695.923076923  0.000124123588774
696.030100334  0.000125046844337
696.137123746  0.0001268190829
696.244147157  0.000129488692918
696.351170569  0.000133130733885
696.45819398  0.000137851944872
696.565217391  0.000143798133231
696.672240803  0.000151164838692
696.779264214  0.000160212657422
696.886287625  0.000171289382284
696.993311037  0.000184862366521
697.100334448  0.000201566600338
697.20735786  0.000222277549709
697.314381271  0.00024822406701
697.421404682  0.000281168027301
697.528428094  0.000323698565311
697.635451505  0.000379729820364
697.742474916  0.000455373067372
697.849498328  0.000560522519324
697.956521739  0.000711844351126
698.063545151  0.000938560426366
698.170568562  0.00129352957128
698.277591973  0.00187151339345
698.384615385  0.00281525627182
698.491638796  0.00415523433464
698.598662207  0.00515226360138
698.705685619  0.00461219079129
698.81270903  0.00325194452672
698.919732441  0.00216615659272
699.026755853  0.00148996908048
699.133779264  0.00108191269137
699.240802676  0.000829232321627
699.347826087  0.000667392112135
699.454849498  0.000561010679851
699.56187291  0.000490331947183
699.668896321  0.000444004013697
699.775919732  0.000415378623489
699.882943144  0.000400597225329
699.989966555  0.000397592804481
700.096989967  0.000405588511132
700.204013378  0.000424897987981
700.311036789  0.000456950983893
700.418060201  0.000504546039624
700.525083612  0.000572409130054
700.632107023  0.000668251234469
700.739130435  0.000804729364239
700.846153846  0.00100314353351
700.953177258  0.00130057303193
701.060200669  0.00176371925919
701.16722408  0.00251371433491
701.274247492  0.00375168822011
701.381270903  0.00565311338324
701.488294314  0.00761847840627
701.595317726  0.00764349819094
701.702341137  0.00569254551699
701.809364548  0.00377649985
701.91638796  0.00252364405623
702.023411371  0.00176321097037
702.130434783  0.00129250780365
702.237458194  0.000988905160635
702.344481605  0.000784789625824
702.451505017  0.000642517029292
702.558528428  0.000540380310629
702.665551839  0.00046536365637
702.772575251  0.000409376855535
702.879598662  0.000367239174971
702.986622074  0.000335562629735
703.093645485  0.00031211485489
703.200668896  0.000295449411562
703.307692308  0.000284694116376
703.414715719  0.000279441471498
703.52173913  0.000279715931378
703.628762542  0.000286014241173
703.735785953  0.000299436407801
703.842809365  0.00032195540188
703.949832776  0.000356928695937
704.056856187  0.00041006451957
704.163879599  0.000491280786166
704.27090301  0.000618327062153
704.377926421  0.000823574424514
704.484949833  0.00116364740291
704.591973244  0.00171015469456
704.698996656  0.00239828230657
704.806020067  0.00268043988992
704.913043478  0.00218462236397
705.02006689  0.00150889758611
705.127090301  0.00103233841006
705.234113712  0.000741490863959
705.341137124  0.000564203618061
705.448160535  0.000452394039325
705.555183946  0.000379244077733
705.662207358  0.000329953316143
705.769230769  0.000296110056814
705.876254181  0.000272752892449
705.983277592  0.00025685374205
706.090301003  0.000246515080561
706.197324415  0.000240530887968
706.304347826  0.000238139124944
706.411371237  0.000238879369653
706.518394649  0.000242511179279
706.62541806  0.000248969974202
706.732441472  0.000258348620453
706.839464883  0.000270899611661
706.946488294  0.000287057532247
707.053511706  0.000307486026704
707.160535117  0.000333159367129
707.267558528  0.000365498070158
707.37458194  0.000406594755993
707.481605351  0.000459598382139
707.588628763  0.000529388564964
707.695652174  0.000623801672264
707.802675585  0.00075593485268
707.909698997  0.000948538727184
708.016722408  0.00124193110629
708.123745819  0.00170347295954
708.230769231  0.00240634116736
708.337792642  0.00325583255553
708.444816054  0.00387099553622
708.551839465  0.00427028868675
708.658862876  0.00437344688127
708.765886288  0.00369035355896
708.872909699  0.00276678758716
708.97993311  0.00213244547515
709.086956522  0.00179641027592
709.193979933  0.00166539011619
709.301003344  0.00168162809199
709.408026756  0.00182639619172
709.515050167  0.00211267876293
709.622073579  0.00258776022137
709.72909699  0.00335000085456
709.836120401  0.00458686138609
709.943143813  0.00663723268866
710.050167224  0.00998802767426
710.157190635  0.0145786201795
710.264214047  0.0174612495279
710.371237458  0.0150418711706
710.47826087  0.0104579052021
710.585284281  0.00700870135188
710.692307692  0.00492090162523
710.799331104  0.00372264600559
710.906354515  0.00308383711006
711.013377926  0.00285363600512
711.120401338  0.00300599338192
711.227424749  0.00354389924874
711.334448161  0.00413970615089
711.441471572  0.00392684759156
711.548494983  0.00297239105122
711.655518395  0.00209531011947
711.762541806  0.00151326191551
711.869565217  0.00114433453621
711.976588629  0.000902679232816
712.08361204  0.000736606855623
712.190635452  0.000617198363406
712.297658863  0.000527976413209
712.404682274  0.000459161478848
712.511705686  0.000404687549621
712.618729097  0.000360632803553
712.725752508  0.000324365766435
712.83277592  0.000294062150828
712.939799331  0.000268420656679
713.046822742  0.000246489644218
713.153846154  0.000227557873594
713.260869565  0.000211083540396
713.367892977  0.000196646926179
713.474916388  0.000183918030471
713.581939799  0.000172633955832
713.688963211  0.000162582793041
713.795986622  0.000153591932019
713.903010033  0.0001455194453
714.010033445  0.000138247642818
714.117056856  0.000131678186289
714.224080268  0.000125728340572
714.331103679  0.000120328065377
714.43812709  0.000115417735924
714.545150502  0.000110946339884
714.652173913  0.0001068700389
714.759197324  0.000103151012005
714.866220736  9.97565190742e-05
714.973244147  9.66581375481e-05
715.080267559  9.38311367499e-05
715.18729097  9.1253962341e-05
715.294314381  8.89078096216e-05
715.401337793  8.67762690402e-05
715.508361204  8.48450308291e-05
715.615384615  8.31016384216e-05
715.722408027  8.15352824292e-05
715.829431438  8.01366286218e-05
715.936454849  7.88976746686e-05
716.043478261  7.7811631446e-05
716.150501672  7.68728255643e-05
716.257525084  7.60766204535e-05
716.364548495  7.54193539201e-05
716.471571906  7.48982905655e-05
716.578595318  7.45115878678e-05
716.685618729  7.42582750932e-05
716.79264214  7.41382445295e-05
716.899665552  7.41522548432e-05
717.006688963  7.430194666e-05
717.113712375  7.45898707729e-05
717.220735786  7.50195296958e-05
717.327759197  7.55954336284e-05
717.434782609  7.63231722793e-05
717.54180602  7.72095044402e-05
717.648829431  7.82624677165e-05
717.755852843  7.94915114444e-05
717.862876254  8.09076565631e-05
717.969899666  8.25236871315e-05
718.076923077  8.4354379302e-05
718.183946488  8.64167749716e-05
718.2909699  8.87305090943e-05
718.397993311  9.13182018689e-05
718.505016722  9.42059298581e-05
718.612040134  9.74237937324e-05
718.719063545  0.000101006605038
718.826086957  0.000104994720491
718.933110368  0.000109435060313
719.040133779  0.000114382357667
719.147157191  0.000119900700317
719.254180602  0.000126065444449
719.361204013  0.000132965606112
719.468227425  0.000140706870512
719.575250836  0.000149415407452
719.682274247  0.000159242748135
719.789297659  0.000170372072902
719.89632107  0.000183026394118
720.003344482  0.000197479312919
720.110367893  0.000214069313468
720.217391304  0.000233218981966
720.324414716  0.000255461177339
720.431438127  0.000281475163305
720.538461538  0.00031213724936
720.64548495  0.000348592943194
720.752508361  0.00039236162188
720.859531773  0.000445491417378
720.966555184  0.000510793469934
721.073578595  0.000592204881704
721.180602007  0.000695366313202
721.287625418  0.000828568727579
721.394648829  0.00100435649916
721.501672241  0.00124233948533
721.608695652  0.00157431227182
721.715719064  0.00205391347305
721.822742475  0.00277532550766
721.929765886  0.00390904787475
722.036789298  0.00576025844646
722.143812709  0.0087831785809
722.25083612  0.0130390384819
722.357859532  0.0160785362107
722.464882943  0.0142066865005
722.571906355  0.00987515999707
722.678929766  0.00646130036107
722.785953177  0.0043325204375
722.892976589  0.00303693570024
723.0  0.00222212997371
