694.0  0.000477345482993
694.093645485  0.000505250373445
694.18729097  0.000536149861708
694.280936455  0.000570530484858
694.37458194  0.000608986440766
694.468227425  0.000652250067822
694.56187291  0.000701232944234
694.655518395  0.000757082045785
694.74916388  0.000821257587499
694.842809365  0.00089564261372
694.936454849  0.000982699917847
695.030100334  0.00108570091147
695.123745819  0.00120906620914
695.217391304  0.00135888369162
695.311036789  0.00154371555859
695.404682274  0.00177588846326
695.498327759  0.00207361357173
695.591973244  0.00246457168152
695.685618729  0.00299214718894
695.779264214  0.00372651476866
695.872909699  0.00478445974076
695.966555184  0.00636316622337
696.060200669  0.00878500613332
696.153846154  0.0124804751404
696.247491639  0.017522986435
696.341137124  0.0219883959651
696.434782609  0.021851939633
696.528428094  0.0173407076072
696.622073579  0.012491818776
696.715719064  0.00902985172656
696.809364548  0.00682210370133
696.903010033  0.00544329325164
696.996655518  0.00458506246226
697.090301003  0.00406251889256
697.183946488  0.00376984884837
697.277591973  0.00364829027556
697.371237458  0.00366807974344
697.464882943  0.0038193365038
697.558528428  0.00410848640801
697.652173913  0.00455873235705
697.745819398  0.00521456061969
697.839464883  0.00615175402692
697.933110368  0.00749646702685
698.026755853  0.00946026788945
698.120401338  0.0124023438565
698.214046823  0.0169263726507
698.307692308  0.0239486862813
698.401337793  0.0342674539495
698.494983278  0.0460409096226
698.588628763  0.0510826774398
698.682274247  0.0438642493303
698.775919732  0.0320006715421
698.869565217  0.0224313775999
698.963210702  0.0160828383972
699.056856187  0.012031311438
699.150501672  0.00942403742703
699.244147157  0.00772180211093
699.337792642  0.00660970448099
699.431438127  0.00590783387058
699.525083612  0.00551757729202
699.618729097  0.00539381275936
699.712374582  0.00553367589514
699.806020067  0.00597784038298
699.899665552  0.00682489543529
699.993311037  0.00826281987123
700.086956522  0.0106167126012
700.180602007  0.0143540156432
700.274247492  0.0197007087041
700.367892977  0.025015706786
700.461538462  0.0258373124665
700.555183946  0.0212606839819
700.648829431  0.0157135087285
700.742474916  0.0116678622386
700.836120401  0.00917269934499
700.929765886  0.00778806097656
701.023411371  0.00720629817428
701.117056856  0.00730947084671
701.210702341  0.00815133568877
701.304347826  0.00994777796774
701.397993311  0.0129598647532
701.491638796  0.0167848118278
701.585284281  0.0189343265734
701.678929766  0.0168979111355
701.772575251  0.0127164601826
701.866220736  0.00911757690961
701.959866221  0.00666234849843
702.053511706  0.00506253826777
702.147157191  0.00400450334448
702.240802676  0.00328268590131
702.334448161  0.00277422273337
702.428093645  0.00240591048547
702.52173913  0.00213312272153
702.615384615  0.001927839376
702.7090301  0.00177195216776
702.802675585  0.0016534626902
702.89632107  0.00156426915879
702.989966555  0.0014988442855
703.08361204  0.00145342770064
703.177257525  0.00142552561907
703.27090301  0.00141360134437
703.364548495  0.00141689046726
703.45819398  0.00143530358925
703.551839465  0.0014693972235
703.64548495  0.00152040576739
703.739130435  0.00159033750279
703.83277592  0.00168214799481
703.926421405  0.00180001759563
704.02006689  0.00194977949576
704.113712375  0.00213957655367
704.20735786  0.00238087902802
704.301003344  0.00269009008063
704.394648829  0.00309113750747
704.488294314  0.00361976894033
704.581939799  0.00433087129709
704.675585284  0.0053112818868
704.769230769  0.00670265644487
704.862876254  0.00874217276199
704.956521739  0.011829829341
705.050167224  0.0166038223362
705.143812709  0.0238151248723
705.237458194  0.0330728343
705.331103679  0.0396092932204
705.424749164  0.0368821791026
705.518394649  0.02804833113
705.612040134  0.0198914413949
705.705685619  0.0143280764501
705.799331104  0.0108420726827
705.892976589  0.00872208401657
705.986622074  0.00750732501168
706.080267559  0.00695907938153
706.173913043  0.00699982427858
706.267558528  0.00768645458177
706.361204013  0.00919143502404
706.454849498  0.0116392993915
706.548494983  0.0143945580233
706.642140468  0.0154518805028
706.735785953  0.0142091682792
706.829431438  0.0128602229395
706.923076923  0.0127442205634
707.016722408  0.0131455851006
707.110367893  0.0121488035727
707.204013378  0.00960277226538
707.297658863  0.00707895385853
707.391304348  0.00525472054761
707.484949833  0.0040402692378
707.578595318  0.00323146157434
707.672240803  0.00268164753478
707.765886288  0.00230225784147
707.859531773  0.00204252824963
707.953177258  0.00187549871759
708.046822742  0.00179109370296
708.140468227  0.00179445094034
708.234113712  0.00190791718243
708.327759197  0.00217079832233
708.421404682  0.00260545803422
708.515050167  0.00306652042616
708.608695652  0.00312126727081
708.702341137  0.00263453719099
708.795986622  0.00202743277887
708.889632107  0.00156082684433
708.983277592  0.00124450904268
709.076923077  0.00103100654849
709.170568562  0.000882075526177
709.264214047  0.000773883262143
709.357859532  0.000692206223093
709.451505017  0.00062844546609
709.545150502  0.000577244422478
709.638795987  0.00053515061757
709.732441472  0.0004998629079
709.826086957  0.000469798728172
709.919732441  0.000443838131276
710.013377926  0.000421167822013
710.107023411  0.000401183328783
710.200668896  0.00038342594295
710.294314381  0.000367541024423
710.387959866  0.000353249780122
710.481605351  0.000340329744815
710.575250836  0.000328601009915
710.668896321  0.00031791632828
710.762541806  0.000308153883296
710.856187291  0.000299211922214
710.949832776  0.000291004715637
711.043478261  0.000283459474943
711.137123746  0.000276513971642
711.230769231  0.000270114677932
711.324414716  0.000264215299141
711.418060201  0.000258775604217
711.511705686  0.000253760485445
711.605351171  0.00024913919622
711.698996656  0.000244884728506
711.79264214  0.000240973300873
711.886287625  0.000237383934818
711.97993311  0.00023409810218
712.073578595  0.000231099430234
712.16722408  0.000228373453948
712.260869565  0.0002259074071
712.35451505  0.00022369004562
712.448160535  0.00022171149789
712.54180602  0.000219963137703
712.635451505  0.00021843747647
712.72909699  0.000217128071846
712.822742475  0.000216029450517
712.91638796  0.000215137043273
713.010033445  0.000214447130862
713.10367893  0.000213956799368
713.197324415  0.000213663904133
713.2909699  0.000213567041387
713.384615385  0.00021366552696
713.47826087  0.000213959381559
713.571906355  0.000214449322239
713.665551839  0.000215136759792
713.759197324  0.000216023801888
713.852842809  0.000217113261886
713.946488294  0.000218408673327
714.040133779  0.000219914310203
714.133779264  0.000221635213183
714.227424749  0.000223577222053
714.321070234  0.000225747014733
714.414715719  0.000228152153329
714.508361204  0.000230801137751
714.602006689  0.000233703467598
714.695652174  0.000236869713079
714.789297659  0.000240311595931
714.882943144  0.000244042081421
714.976588629  0.000248075482738
715.070234114  0.000252427579267
715.163879599  0.000257115750507
715.257525084  0.000262159127682
715.351170569  0.000267578765429
715.444816054  0.000273397836347
715.538461538  0.000279641851682
715.632107023  0.000286338911949
715.725752508  0.000293519991996
715.819397993  0.000301219265769
715.913043478  0.000309474477022
716.006688963  0.000318327363334
716.100334448  0.000327824142168
716.193979933  0.000338016069392
716.287625418  0.000348960082667
716.381270903  0.000360719544608
716.474916388  0.0003733651036
716.568561873  0.000386975693881
716.662207358  0.00040163970108
716.755852843  0.000417456325038
716.849498328  0.000434537178867
716.943143813  0.000453008171982
717.036789298  0.000473011736067
717.130434783  0.000494709466955
717.224080268  0.00051828527341
717.317725753  0.000543949146734
717.411371237  0.000571941694726
717.505016722  0.000602539621848
717.598662207  0.000636062387558
717.692307692  0.000672880340519
717.785953177  0.000713424713606
717.879598662  0.000758199980984
717.973244147  0.000807799235225
718.066889632  0.000862923455309
718.160535117  0.000924405828262
718.254180602  0.000993242691524
718.347826087  0.00107063322925
718.441471572  0.0011580308573
718.535117057  0.00125721038045
718.628762542  0.00137035667309
718.722408027  0.00150018308969
718.816053512  0.00165009147831
718.909698997  0.00182439123675
719.003344482  0.00202860344297
719.096989967  0.0022698896009
719.190635452  0.00255766620268
719.284280936  0.00290450177463
719.377926421  0.00332745246696
719.471571906  0.00385009410435
719.565217391  0.00450568770941
719.658862876  0.00534223851443
719.752508361  0.00643080544757
719.846153846  0.0078795441126
719.939799331  0.00985810949464
720.033444816  0.0126410374101
720.127090301  0.0166853466145
720.220735786  0.0227633499158
720.314381271  0.0321421992926
720.408026756  0.0465405125237
720.501672241  0.0663928057812
720.595317726  0.0844458964206
720.688963211  0.0845380814144
720.782608696  0.0665635453999
720.876254181  0.0466793947132
720.969899666  0.0322335017709
721.063545151  0.0228204844902
721.157190635  0.0167209102405
721.25083612  0.0126630496252
721.344481605  0.00987132399155
721.43812709  0.00788678550669
721.531772575  0.00643379365863
721.62541806  0.00534205292032
721.719063545  0.00450302640661
721.81270903  0.00384542135197
721.906354515  0.00332108479237
722.0  0.00289665971411
