695.0  0.000488726462564
695.090301003  0.000517509642981
695.180602007  0.000549378242833
695.27090301  0.000584829417856
695.361204013  0.000624468975408
695.451505017  0.000669041683769
695.54180602  0.00071947197004
695.632107023  0.000776919272175
695.722408027  0.000842854371655
695.81270903  0.000919166250076
695.903010033  0.00100831412965
695.993311037  0.00111354766223
696.08361204  0.00123923200248
696.173913043  0.00139133785837
696.264214047  0.00157819716966
696.35451505  0.00181169717014
696.444816054  0.00210921666128
696.535117057  0.00249685081526
696.62541806  0.00301492192076
696.715719064  0.00372759111976
696.806020067  0.00473969723307
696.89632107  0.00622502776025
696.986622074  0.00846471752661
697.076923077  0.0118478358462
697.16722408  0.0165725003521
697.257525084  0.0214112099743
697.347826087  0.0227560444656
697.43812709  0.0192281937543
697.528428094  0.0142598852706
697.618729097  0.0103451026634
697.7090301  0.00774801904973
697.799331104  0.00609694690882
697.889632107  0.00505525454445
697.97993311  0.00440744022709
698.070234114  0.00402655903331
698.160535117  0.00384046681271
698.25083612  0.00381096989373
698.341137124  0.00392274999473
698.431438127  0.00417860200676
698.52173913  0.00459922797801
698.612040134  0.00522739468864
698.702341137  0.00613781017213
698.79264214  0.00745606825921
698.882943144  0.00939259032341
698.973244147  0.0122978574434
699.063545151  0.0167234907177
699.153846154  0.023332924254
699.244147157  0.0319808457848
699.334448161  0.0391183552548
699.424749164  0.0386623747763
699.515050167  0.0317419075811
699.605351171  0.0247190049411
699.695652174  0.0204013261289
699.785953177  0.0189220357736
699.876254181  0.0200361561044
699.966555184  0.0233770449973
700.056856187  0.0270553964173
700.147157191  0.0269615237636
700.237458194  0.0221564739101
700.327759197  0.0163965424224
700.418060201  0.0119645252592
700.508361204  0.00896444180807
700.598662207  0.00696737228125
700.688963211  0.00561317877669
700.779264214  0.00467140758499
700.869565217  0.00400241204988
700.959866221  0.00352157420125
701.050167224  0.00317710137784
701.140468227  0.00293739940569
701.230769231  0.00278413202099
701.321070234  0.00270865807666
701.411371237  0.00271069863644
701.501672241  0.00279885746707
701.591973244  0.00299324944281
701.682274247  0.00333121052196
701.772575251  0.00387799518574
701.862876254  0.00474489547169
701.953177258  0.00611226893641
702.043478261  0.00821814628844
702.133779264  0.0111176925559
702.224080268  0.0138357046103
702.314381271  0.0141029370037
702.404682274  0.0115943374233
702.494983278  0.00854182710329
702.585284281  0.00621407822605
702.675585284  0.00465865066645
702.765886288  0.00363822576722
702.856187291  0.00295642563837
702.946488294  0.00248847138166
703.036789298  0.00215906999518
703.127090301  0.00192256783227
703.217391304  0.00175066726512
703.307692308  0.00162537589297
703.397993311  0.00153498583739
703.488294314  0.00147174530718
703.578595318  0.00143048062483
703.668896321  0.00140776372907
703.759197324  0.00140140207032
703.849498328  0.00141012606219
703.939799331  0.00143340336102
704.030100334  0.00147134004995
704.120401338  0.0015246472819
704.210702341  0.00159466404375
704.301003344  0.00168343590641
704.391304348  0.0017938582517
704.481605351  0.00192990253939
704.571906355  0.00209695807138
704.662207358  0.00230234292861
704.752508361  0.00255607215436
704.842809365  0.00287202924106
704.933110368  0.00326978772385
705.023411371  0.00377750937215
705.113712375  0.00443667329971
705.204013378  0.00530999813289
705.294314381  0.00649504715104
705.384615385  0.00814801754903
705.474916388  0.0105252309813
705.565217391  0.0140509834931
705.655518395  0.0193985296183
705.745819398  0.0274194445712
705.836120401  0.0381511234847
705.926421405  0.0476489675431
706.016722408  0.0479145757851
706.107023411  0.0389748689373
706.197324415  0.0288886228823
706.287625418  0.0216816684882
706.377926421  0.017438556382
706.468227425  0.0154950517007
706.558528428  0.0154256124565
706.648829431  0.0169037078951
706.739130435  0.0188484027114
706.829431438  0.0190625022649
706.919732441  0.0171891632175
707.010033445  0.0154417627404
707.100334448  0.0151874578012
707.190635452  0.016128034553
707.280936455  0.0163718187811
707.371237458  0.0142385628955
707.461538462  0.0109361122028
707.551839465  0.00811732597951
707.642140468  0.00613262145042
707.732441472  0.00478742826853
707.822742475  0.00386173214625
707.913043478  0.00320593076426
708.003344482  0.00272781849971
708.093645485  0.00237115600122
708.183946488  0.0021012621461
708.274247492  0.00189665933491
708.364548495  0.00174448438104
708.454849498  0.00163819448374
708.545150502  0.00157686048154
708.635451505  0.00156587412464
708.725752508  0.00161918689278
708.816053512  0.00176250403821
708.906354515  0.00203098761933
708.996655518  0.00243027657756
709.086956522  0.00280225077662
709.177257525  0.00279070257349
709.267558528  0.00235388910216
709.357859532  0.00184165101298
709.448160535  0.00144717075333
709.538461538  0.00117559928826
709.628762542  0.000989347013197
709.719063545  0.00085758643489
709.809364548  0.000760689001228
709.899665552  0.000686732470473
709.989966555  0.000628411809877
710.080267559  0.000581130549321
710.170568562  0.000541903828235
710.260869565  0.000508730905582
710.351170569  0.000480229803282
710.441471572  0.000455419097642
710.531772575  0.000433583963736
710.622073579  0.00041419167595
710.712374582  0.000396836906426
710.802675585  0.000381205442981
710.892976589  0.000367049574616
710.983277592  0.000354171039482
711.073578595  0.000342408980878
711.163879599  0.000331631286646
711.254180602  0.000321728257279
711.344481605  0.00031260790485
711.434782609  0.000304192412594
711.525083612  0.000296415433074
711.615384615  0.00028922000083
711.705685619  0.000282556901275
711.795986622  0.000276383382572
711.886287625  0.000270662128369
711.976588629  0.000265360431106
712.066889632  0.000260449521159
712.157190635  0.000255904018246
712.247491639  0.000251701479665
712.337792642  0.000247822025883
712.428093645  0.000244248028462
712.518394649  0.000240963848628
712.608695652  0.000237955617304
712.698996656  0.000235211049362
712.789297659  0.000232719286331
712.879598662  0.000230470762948
712.969899666  0.000228457093836
713.060200669  0.000226670977319
713.150501672  0.000225106113936
713.240802676  0.000223757137677
713.331103679  0.000222619558331
713.421404682  0.000221689713638
713.511705686  0.000220964730174
713.602006689  0.000220442492115
713.692307692  0.0002201216172
713.782608696  0.000220001439343
713.872909699  0.000220081997494
713.963210702  0.000220364030447
714.053511706  0.000220848977411
714.143812709  0.000221538984218
714.234113712  0.000222436915188
714.324414716  0.000223546370693
714.414715719  0.00022487171059
714.505016722  0.00022641808377
714.595317726  0.000228191464126
714.685618729  0.000230198693402
714.775919732  0.000232447531414
714.866220736  0.000234946714296
714.956521739  0.00023770602153
715.046822742  0.000240736352656
715.137123746  0.000244049814719
715.227424749  0.000247659821692
715.317725753  0.000251581207329
715.408026756  0.00025583035312
715.498327759  0.00026042533334
715.588628763  0.000265386079473
715.678929766  0.000270734566707
715.769230769  0.000276495025652
715.859531773  0.00028269418295
715.949832776  0.000289361535124
716.040133779  0.000296529660755
716.130434783  0.000304234577004
716.220735786  0.000312516147609
716.311036789  0.000321418550795
716.401337793  0.00033099081718
716.491638796  0.00034128744968
716.581939799  0.000352369139845
716.672240803  0.000364303597937
716.762541806  0.000377166517706
716.852842809  0.000391042701212
716.943143813  0.000406027374605
717.033444816  0.00042222773259
717.123745819  0.000439764757969
717.214046823  0.000458775373442
717.304347826  0.000479414996611
717.394648829  0.000501860586578
717.484949833  0.000526314292927
717.575250836  0.0005530078467
717.665551839  0.000582207870403
717.755852843  0.000614222332895
717.846153846  0.000649408439311
717.936454849  0.000688182331267
718.026755853  0.000731031086403
718.117056856  0.000778527659551
718.20735786  0.000831349616158
718.297658863  0.000890302794462
718.387959866  0.000956351429153
718.47826087  0.00103065682432
718.568561873  0.0011146274499
718.658862876  0.00120998446372
718.74916388  0.00131884829921
718.839464883  0.00144385437183
718.929765886  0.0015883095629
719.02006689  0.00175640661405
719.110367893  0.00195352201928
719.200668896  0.00218663629178
719.2909699  0.00246493678699
719.381270903  0.00280069812215
719.471571906  0.00321059353256
719.56187291  0.00371769027041
719.652173913  0.00435455694976
719.742474916  0.00516822421994
719.83277592  0.00622831426308
719.923076923  0.00764072118962
720.013377926  0.00957120017248
720.10367893  0.0122867069554
720.193979933  0.0162272966382
720.284280936  0.0221215119525
720.37458194  0.031110205436
720.464882943  0.0445389091988
720.555183946  0.0619645559373
720.64548495  0.0757185355266
720.735785953  0.0732049291602
720.826086957  0.0571478291939
720.91638796  0.0404551177426
721.006688963  0.0283156390421
721.096989967  0.0202907037871
721.18729097  0.0150122926894
721.277591973  0.0114560090432
721.367892977  0.0089842467624
721.45819398  0.00721270991829
721.548494983  0.00590705550713
721.638795987  0.00492069460925
721.72909699  0.00415924583059
721.819397993  0.00356019198306
721.909698997  0.0030810102234
722.0  0.00269206868535
