687.0  0.000213871438101
687.117056856  0.000237189225478
687.234113712  0.000264723110358
687.351170569  0.00029755548994
687.468227425  0.000337137320026
687.585284281  0.000385448163669
687.702341137  0.000445242616668
687.819397993  0.000520439980857
687.936454849  0.000616759076701
688.053511706  0.000742787394395
688.170568562  0.000911849780298
688.287625418  0.00114541095517
688.404682274  0.0014795487906
688.52173913  0.00197781793242
688.638795987  0.00275765799549
688.755852843  0.00404379907408
688.872909699  0.00625369487121
688.989966555  0.00992991783101
689.107023411  0.0143138083487
689.224080268  0.0148221614008
689.341137124  0.0106929174816
689.45819398  0.00676009290599
689.575250836  0.00433868009904
689.692307692  0.00293364096722
689.809364548  0.00208922756199
689.926421405  0.00155467788626
690.043478261  0.00119922759777
690.160535117  0.000952636442897
690.277591973  0.000775356196919
690.394648829  0.000644036818834
690.511705686  0.000544281809133
690.628762542  0.000466868718769
690.745819398  0.000405688364328
690.862876254  0.000356573555207
690.97993311  0.000316607786102
691.096989967  0.000283703149955
691.214046823  0.000256334691734
691.331103679  0.000233368618917
691.448160535  0.00021394846802
691.565217391  0.000197418002544
691.682274247  0.000183267945668
691.799331104  0.000171098513541
691.91638796  0.00016059262932
692.033444816  0.0001514964869
692.150501672  0.000143605255582
692.267558528  0.000136752435384
692.384615385  0.000130801841239
692.501672241  0.000125641505141
692.618729097  0.000121178994878
692.735785953  0.000117337791293
692.852842809  0.000114054465541
692.969899666  0.000111276467665
693.086956522  0.000108960387652
693.204013378  0.000107070586011
693.321070234  0.00010557811713
693.43812709  0.000104459888086
693.555183946  0.000103698010181
693.672240803  0.000103279311674
693.789297659  0.00010319498895
693.906354515  0.000103440380551
694.023411371  0.00010401485449
694.140468227  0.000104921804753
694.257525084  0.000106168758076
694.37458194  0.000107767597475
694.491638796  0.000109734914961
694.608695652  0.000112092512891
694.725752508  0.0001148680821
694.842809365  0.000118096096122
694.959866221  0.000121818975631
695.076923077  0.000126088597257
695.193979933  0.000130968248587
695.311036789  0.000136535169924
695.428093645  0.000142883878604
695.545150502  0.000150130551378
695.662207358  0.000158418857466
695.779264214  0.000167927809338
695.89632107  0.000178882462834
696.013377926  0.000191568706715
696.130434783  0.000206354024649
696.247491639  0.000223717146465
696.364548495  0.000244291206047
696.481605351  0.000268927891776
696.598662207  0.000298795047608
696.715719064  0.000335529063181
696.83277592  0.000381479776601
696.949832776  0.000440116936792
697.066889632  0.000516729471225
697.183946488  0.000619677302945
697.301003344  0.00076273130178
697.418060201  0.000969646621834
697.535117057  0.00128345711398
697.652173913  0.00178557285836
697.769230769  0.00263104684157
697.886287625  0.00407090603471
698.003344482  0.00614334339225
698.120401338  0.00735999999697
698.237458194  0.00603119662508
698.35451505  0.00403736041318
698.471571906  0.00271029249999
698.588628763  0.00196365095444
698.705685619  0.00155500407512
698.822742475  0.00134147589876
698.939799331  0.00125286083889
699.056856187  0.00125926207504
699.173913043  0.00135606912291
699.2909699  0.00156114165532
699.408026756  0.00192261065697
699.525083612  0.00254142558775
699.642140468  0.00361398537219
699.759197324  0.00544132878551
699.876254181  0.00793475263745
699.993311037  0.0090437806063
700.110367893  0.00732279041206
700.227424749  0.00527379983737
700.344481605  0.00415653921141
700.461538462  0.00387152588595
700.578595318  0.00431361429277
700.695652174  0.00563690011336
700.81270903  0.00816338088563
700.929765886  0.0112802408592
701.046822742  0.011544827552
701.163879599  0.00838636212905
701.280936455  0.00539764880783
701.397993311  0.00354846108352
701.515050167  0.00246573690348
701.632107023  0.00180766581729
701.74916388  0.00138586174771
701.866220736  0.00110175565078
701.983277592  0.000902163945586
702.100334448  0.000756982790911
702.217391304  0.000648332919371
702.334448161  0.000565121693991
702.451505017  0.000500198511006
702.568561873  0.000448798991008
702.685618729  0.000407657771281
702.802675585  0.000374483107472
702.919732441  0.000347635138442
703.036789298  0.000325923028856
703.153846154  0.000308473865959
703.27090301  0.000294646260971
703.387959866  0.000283972691479
703.505016722  0.00027612095709
703.622073579  0.000270868873025
703.739130435  0.000268088644239
703.856187291  0.000267738881912
703.973244147  0.000269863318497
704.090301003  0.000274596191058
704.20735786  0.000282175188666
704.324414716  0.000292963998965
704.441471572  0.000307488112949
704.558528428  0.000326490091127
704.675585284  0.000351014728289
704.79264214  0.000382541916906
704.909698997  0.000423198307547
705.026755853  0.000476103786333
705.143812709  0.000545957307032
705.260869565  0.000640064887828
705.377926421  0.000770219712643
705.494983278  0.000956296463588
705.612040134  0.00123342556847
705.72909699  0.00166673204733
705.846153846  0.0023806833864
705.963210702  0.00360105318527
706.080267559  0.00557398122581
706.197324415  0.00766010849938
706.314381271  0.00750568123694
706.431438127  0.00551517515673
706.548494983  0.00397484386235
706.665551839  0.00330440378605
706.782608696  0.00312441664009
706.899665552  0.00276928004771
707.016722408  0.00217965727209
707.133779264  0.00175514084955
707.25083612  0.00155918877943
707.367892977  0.00154195072525
707.484949833  0.00168587700858
707.602006689  0.00202404306718
707.719063545  0.00265778083571
707.836120401  0.00380112522469
707.953177258  0.00580683206052
708.070234114  0.00870231536979
708.18729097  0.0103046134373
708.304347826  0.00829303695596
708.421404682  0.00540527512514
708.538461538  0.00346849484946
708.655518395  0.00233808090023
708.772575251  0.00166670713578
708.889632107  0.00124721948994
709.006688963  0.00097122930644
709.123745819  0.000781278563021
709.240802676  0.000645529820814
709.357859532  0.000545469387707
709.474916388  0.000469838099735
709.591973244  0.00041151349998
709.7090301  0.000365835718638
709.826086957  0.000329669860013
709.943143813  0.000300860668082
710.060200669  0.000277904993225
710.177257525  0.000259750156527
710.294314381  0.000245668175283
710.411371237  0.000235177982008
710.528428094  0.00022800012156
710.64548495  0.000224035830136
710.762541806  0.000223367493027
710.879598662  0.000226281875984
710.996655518  0.000233322623967
711.113712375  0.000245386115068
711.230769231  0.000263887948685
711.347826087  0.000291052351754
711.464882943  0.000330426999724
711.581939799  0.000387831325766
711.698996656  0.000473176792948
711.816053512  0.000604109284821
711.933110368  0.000813507168745
712.050167224  0.00116445913504
712.16722408  0.00177198458662
712.284280936  0.002764028662
712.401337793  0.00382243515004
712.518394649  0.00371861341891
712.635451505  0.00260439753259
712.752508361  0.00165816698842
712.869565217  0.0010873392332
712.986622074  0.000754515874257
713.10367893  0.000552255458321
713.220735786  0.00042259738224
713.337792642  0.000335258203097
713.454849498  0.000273859768031
713.571906355  0.000229110261296
713.688963211  0.00019548374369
713.806020067  0.000169550440133
713.923076923  0.000149099788257
714.040133779  0.000132659165213
714.157190635  0.000119218710312
714.274247492  0.000108068027201
714.391304348  9.86959901941e-05
714.508361204  9.07274049321e-05
714.62541806  8.38818809969e-05
714.742474916  7.79464772235e-05
714.859531773  7.27571088266e-05
714.976588629  6.81856595828e-05
715.093645485  6.41308879486e-05
715.210702341  6.05119051777e-05
715.327759197  5.72634279721e-05
715.444816054  5.43322753584e-05
715.56187291  5.16747509917e-05
715.678929766  4.92546642407e-05
715.795986622  4.70418179819e-05
715.913043478  4.5010841419e-05
716.030100334  4.31402807681e-05
716.147157191  4.14118846475e-05
716.264214047  3.98100378847e-05
716.381270903  3.83213094752e-05
716.498327759  3.69340890754e-05
716.615384615  3.56382927057e-05
716.732441472  3.44251229602e-05
716.849498328  3.32868724462e-05
716.966555184  3.22167617364e-05
717.08361204  3.12088050492e-05
717.200668896  3.02576983397e-05
717.317725753  2.93587256038e-05
717.434782609  2.85076800678e-05
717.551839465  2.77007976028e-05
717.668896321  2.69347002303e-05
717.785953177  2.62063479946e-05
717.903010033  2.55129978059e-05
718.02006689  2.4852168113e-05
718.137123746  2.42216084731e-05
718.254180602  2.36192732508e-05
718.371237458  2.30432988111e-05
718.488294314  2.2491983682e-05
718.605351171  2.19637712464e-05
718.722408027  2.14572345984e-05
718.839464883  2.0971063256e-05
718.956521739  2.05040514709e-05
719.073578595  2.00550879186e-05
719.190635452  1.96231465807e-05
719.307692308  1.92072786647e-05
719.424749164  1.88066054247e-05
719.54180602  1.84203117695e-05
719.658862876  1.80476405588e-05
719.775919732  1.76878875035e-05
719.892976589  1.73403965956e-05
720.010033445  1.70045560064e-05
720.127090301  1.66797943965e-05
720.244147157  1.63655775914e-05
720.361204013  1.60614055802e-05
720.47826087  1.57668098022e-05
720.595317726  1.54813506883e-05
720.712374582  1.52046154323e-05
720.829431438  1.49362159636e-05
720.946488294  1.46757871045e-05
721.063545151  1.44229848893e-05
721.180602007  1.41774850309e-05
721.297658863  1.39389815194e-05
721.414715719  1.3707185339e-05
721.531772575  1.34818232928e-05
721.648829431  1.32626369245e-05
721.765886288  1.3049381527e-05
721.882943144  1.28418252312e-05
722.0  1.26397481669e-05
