689.0  0.000783459990215
689.110367893  0.000872673740445
689.220735786  0.000979748118029
689.331103679  0.00110983909488
689.441471572  0.00127008971461
689.551839465  0.00147061122287
689.662207358  0.00172606821026
689.772575251  0.00205832175305
689.882943144  0.00250099287884
689.993311037  0.0031076452533
690.10367893  0.00396704898066
690.214046823  0.00523272964438
690.324414716  0.00718146395406
690.434782609  0.0103252560868
690.545150502  0.0155721028401
690.655518395  0.0240374064143
690.765886288  0.034259583994
690.876254181  0.0369214651445
690.986622074  0.028327968166
691.096989967  0.018607097914
691.20735786  0.0121659096446
691.317725753  0.00831122066884
691.428093645  0.00596552948016
691.538461538  0.00447413288779
691.648829431  0.00348202408568
691.759197324  0.0027950193464
691.869565217  0.00230279688756
691.97993311  0.00193992790378
692.090301003  0.00166598943922
692.200668896  0.00145507040109
692.311036789  0.0012900121687
692.421404682  0.00115912278688
692.531772575  0.0010542335155
692.642140468  0.000969510985647
692.752508361  0.00090070938609
692.862876254  0.000844687000567
692.973244147  0.000799086120162
693.08361204  0.000762116565738
693.193979933  0.000732406487868
693.304347826  0.000708897812634
693.414715719  0.000690771921704
693.525083612  0.00067739620569
693.635451505  0.000668285302719
693.745819398  0.000663072869892
693.856187291  0.000661491068513
693.966555184  0.000663355835628
694.076923077  0.000668556624725
694.18729097  0.00067704972807
694.297658863  0.000688854607043
694.408026756  0.000704052898325
694.518394649  0.000722789963404
694.628762542  0.000745279029902
694.739130435  0.000771808155452
694.849498328  0.00080275044808
694.959866221  0.000838578223627
695.070234114  0.000879882099542
695.180602007  0.000927396455318
695.2909699  0.000982033291225
695.401337793  0.00104492737675
695.511705686  0.00111749683418
695.622073579  0.00120152516578
695.732441472  0.00129927355078
695.842809365  0.00141363657956
695.953177258  0.00154836141055
696.063545151  0.00170836126956
696.173913043  0.00190017214024
696.284280936  0.00213263161675
696.394648829  0.00241791084544
696.505016722  0.00277312269934
696.615384615  0.00322289815132
696.725752508  0.00380364231104
696.836120401  0.00457080771762
696.946488294  0.0056117931723
697.056856187  0.00706973613181
697.16722408  0.00918912241582
697.277591973  0.0124057678148
697.387959866  0.0175226203302
697.498327759  0.0260005218238
697.608695652  0.0399912222226
697.719063545  0.0592331485233
697.829431438  0.0703792168897
697.939799331  0.0587666699164
698.050167224  0.0396428843561
698.160535117  0.0258990108887
698.27090301  0.0176128562338
698.381270903  0.0126394495506
698.491638796  0.00954167271954
698.602006689  0.00753176992397
698.712374582  0.00618287787028
698.822742475  0.00525641190239
698.933110368  0.00461392305553
699.043478261  0.0041725161829
699.153846154  0.00388173670542
699.264214047  0.00371126430144
699.37458194  0.00364431499986
699.484949833  0.00367430062375
699.595317726  0.00380361618824
699.705685619  0.00404418062891
699.816053512  0.00441993777935
699.926421405  0.00497221924834
700.036789298  0.00577004259769
700.147157191  0.00692974150334
700.257525084  0.00865314864846
700.367892977  0.0113029330302
700.47826087  0.0155445845541
700.588628763  0.0225341982599
700.698996656  0.0335607933378
700.809364548  0.0462519282784
700.919732441  0.0496200145351
701.030100334  0.0426160127627
701.140468227  0.0379764261993
701.25083612  0.0405950186611
701.361204013  0.0467016557778
701.471571906  0.0444832129445
701.581939799  0.0328079719507
701.692307692  0.0220485471081
701.802675585  0.0151055950827
701.913043478  0.0108607906517
702.023411371  0.00818655062531
702.133779264  0.00642222778187
702.244147157  0.00520617594772
702.35451505  0.00433623284884
702.464882943  0.00369460514589
702.575250836  0.00320961434506
702.685618729  0.00283586844555
702.795986622  0.00254359990569
702.906354515  0.00231269730099
703.016722408  0.00212923337821
703.127090301  0.00198337365342
703.237458194  0.00186807759045
703.347826087  0.00177827119375
703.45819398  0.00171030969796
703.568561873  0.00166162503559
703.678929766  0.00163049557875
703.789297659  0.00161590071378
703.899665552  0.00161743818464
704.010033445  0.00163529223682
704.120401338  0.00167024797964
704.230769231  0.00172375374408
704.341137124  0.00179803990329
704.451505017  0.00189631108454
704.56187291  0.00202304090918
704.672240803  0.00218441751597
704.782608696  0.00238901968975
704.892976589  0.00264885762208
705.003344482  0.00298100867124
705.113712375  0.00341025559732
705.224080268  0.00397347180521
705.334448161  0.00472716280633
705.444816054  0.00576093034804
705.555183946  0.00722247930573
705.665551839  0.00936584737144
705.775919732  0.0126467323516
705.886287625  0.0179060958338
705.996655518  0.0266463976413
706.107023411  0.0408290224572
706.217391304  0.0586823428098
706.327759197  0.0651680480145
706.43812709  0.0518641859498
706.548494983  0.0356717532823
706.658862876  0.025442354932
706.769230769  0.0205757906844
706.879598662  0.0194074537332
706.989966555  0.0195178122704
707.100334448  0.0173392398319
707.210702341  0.0136380876525
707.321070234  0.0110833298863
707.431438127  0.0102287744607
707.54180602  0.0110253253843
707.652173913  0.013180283026
707.762541806  0.0144994343849
707.872909699  0.0122983359166
707.983277592  0.00879017441818
708.093645485  0.0061956826232
708.204013378  0.00457137414881
708.314381271  0.00355251445136
708.424749164  0.00288943609029
708.535117057  0.00244666819645
708.64548495  0.00215633975119
708.755852843  0.00199132095022
708.866220736  0.00194533202747
708.976588629  0.00196869229384
709.086956522  0.00187059694244
709.197324415  0.00159063585422
709.307692308  0.00131544851252
709.418060201  0.00111607235828
709.528428094  0.000975163757743
709.638795987  0.000870791414826
709.74916388  0.000789446579681
709.859531773  0.000723432301979
709.969899666  0.000668229305549
710.080267559  0.00062103623386
710.190635452  0.000580017537436
710.301003344  0.000543909032924
710.411371237  0.000511802205116
710.52173913  0.000483020547659
710.632107023  0.000457045311479
710.742474916  0.000433468960862
710.852842809  0.00041196483809
710.963210702  0.000392266691142
711.073578595  0.000374154424343
711.183946488  0.000357443906594
711.294314381  0.000341979505115
711.404682274  0.000327628499556
711.515050167  0.000314276824923
711.62541806  0.000301825773983
711.735785953  0.000290189405907
711.846153846  0.000279292483837
711.956521739  0.000269068814725
712.066889632  0.000259459899416
712.177257525  0.000250413825002
712.287625418  0.000241884348506
712.397993311  0.000233830133232
712.508361204  0.000226214108043
712.618729097  0.000219002926472
712.72909699  0.000212166507523
712.839464883  0.00020567764381
712.949832776  0.000199511665539
713.060200669  0.000193646151097
713.170568562  0.000188060676751
713.280936455  0.00018273659932
713.391304348  0.000177656866812
713.501672241  0.000172805852843
713.612040134  0.000168169211403
713.722408027  0.000163733749074
713.83277592  0.000159487312285
713.943143813  0.000155418687563
714.053511706  0.000151517513046
714.163879599  0.000147774199816
714.274247492  0.000144179861767
714.384615385  0.00014072625297
714.494983278  0.000137405711601
714.605351171  0.000134211109639
714.715719064  0.00013113580766
714.826086957  0.000128173614131
714.936454849  0.000125318748686
715.046822742  0.00012256580894
715.157190635  0.000119909740454
715.267558528  0.000117345809496
715.377926421  0.000114869578317
715.488294314  0.00011247688265
715.598662207  0.000110163811238
715.7090301  0.000107926687143
715.819397993  0.000105762050687
715.929765886  0.000103666643851
716.040133779  0.000101637395984
716.150501672  9.96714107071e-05
716.260869565  9.7765953891e-05
716.371237458  9.59184426042e-05
716.481605351  9.412643495e-05
716.591973244  9.2387620703e-05
716.702341137  9.06998126764e-05
716.81270903  8.90609387545e-05
716.923076923  8.74690345307e-05
717.033444816  8.59222364991e-05
717.143812709  8.44187757511e-05
717.254180602  8.29569721358e-05
717.364548495  8.15352288425e-05
717.474916388  8.01520273729e-05
717.585284281  7.88059228688e-05
717.695652174  7.74955397683e-05
717.806020067  7.6219567762e-05
717.91638796  7.49767580276e-05
718.026755853  7.37659197194e-05
718.137123746  7.25859166931e-05
718.247491639  7.14356644485e-05
718.357859532  7.03141272732e-05
718.468227425  6.92203155716e-05
718.578595318  6.81532833659e-05
718.688963211  6.71121259567e-05
718.799331104  6.60959777306e-05
718.909698997  6.51040101054e-05
719.02006689  6.41354296016e-05
719.130434783  6.31894760323e-05
719.240802676  6.22654208034e-05
719.351170569  6.13625653149e-05
719.461538462  6.04802394585e-05
719.571906355  5.96178002025e-05
719.682274247  5.87746302603e-05
719.79264214  5.79501368358e-05
719.903010033  5.71437504403e-05
720.013377926  5.6354923777e-05
720.123745819  5.55831306884e-05
720.234113712  5.48278651621e-05
720.344481605  5.4088640392e-05
720.454849498  5.33649878908e-05
720.565217391  5.26564566504e-05
720.675585284  5.19626123488e-05
720.785953177  5.12830365976e-05
720.89632107  5.0617326231e-05
721.006688963  4.99650926313e-05
721.117056856  4.93259610898e-05
721.227424749  4.86995702009e-05
721.337792642  4.80855712869e-05
721.448160535  4.74836278526e-05
721.558528428  4.68934150667e-05
721.668896321  4.63146192701e-05
721.779264214  4.57469375078e-05
721.889632107  4.51900770845e-05
722.0  4.46437551412e-05
