695.0  0.00121248783559
695.090301003  0.00131046518459
695.180602007  0.00142308742138
695.27090301  0.0015536790617
695.361204013  0.00170659623301
695.451505017  0.00188763829184
695.54180602  0.00210466266703
695.632107023  0.00236852376374
695.722408027  0.0026945413145
695.81270903  0.0031048559782
695.903010033  0.00363231027379
695.993311037  0.00432701436872
696.08361204  0.00526771664453
696.173913043  0.00658174747285
696.264214047  0.00847937681679
696.35451505  0.0113065036805
696.444816054  0.0155863769316
696.535117057  0.0218358260996
696.62541806  0.029385152041
696.715719064  0.0340673505148
696.806020067  0.031359292003
696.89632107  0.0242853670889
696.986622074  0.0178562438816
697.076923077  0.0134493324924
697.16722408  0.0106824025454
697.257525084  0.00900962596821
697.347826087  0.00805869014924
697.43812709  0.00761362338829
697.528428094  0.00756202738189
697.618729097  0.00786073619462
697.7090301  0.00852042682486
697.799331104  0.00960523100632
697.889632107  0.0112470486316
697.97993311  0.0136793387493
698.070234114  0.017301160506
698.160535117  0.0227848566053
698.25083612  0.0312067729181
698.341137124  0.0439403818779
698.431438127  0.0610821655079
698.52173913  0.0763413776669
698.612040134  0.076662208345
698.702341137  0.0617200150067
698.79264214  0.0445364608638
698.882943144  0.031698566064
698.973244147  0.0232151079036
699.063545151  0.0177166883939
699.153846154  0.014115286838
699.244147157  0.0117307246906
699.334448161  0.0101614721551
699.424749164  0.0091762206949
699.515050167  0.00864984509263
699.605351171  0.00853091255335
699.695652174  0.00883048338871
699.785953177  0.00962848706164
699.876254181  0.0110995961523
699.966555184  0.0135626093013
700.056856187  0.0175369326343
700.147157191  0.0236520283367
700.237458194  0.0317411245242
700.327759197  0.0382907904543
700.418060201  0.0372863158169
700.508361204  0.0297654168491
700.598662207  0.0218608663807
700.688963211  0.0161457285901
700.779264214  0.0124573296855
700.869565217  0.0101663426513
700.959866221  0.00881260835865
701.050167224  0.00813872351714
701.140468227  0.00803957414849
701.230769231  0.00853453957919
701.321070234  0.00977116233063
701.411371237  0.0120361442943
701.501672241  0.0156373801088
701.591973244  0.0201713071109
701.682274247  0.0230204639922
701.772575251  0.0211666561836
701.862876254  0.0163926868365
701.953177258  0.0119693403685
702.043478261  0.00884192782585
702.133779264  0.00677019889876
702.224080268  0.00539042230162
702.314381271  0.00444697232548
702.404682274  0.00378257133033
702.494983278  0.00330219979669
702.585284281  0.00294753548189
702.675585284  0.00268184865253
702.765886288  0.00248138543193
702.856187291  0.00233042093243
702.946488294  0.00221836185302
703.036789298  0.00213800995689
703.127090301  0.00208449981074
703.217391304  0.00205464055361
703.307692308  0.00204650908575
703.397993311  0.00205920759019
703.488294314  0.00209273620451
703.578595318  0.0021479549453
703.668896321  0.00222662483866
703.759197324  0.00233153097005
703.849498328  0.00246670298299
703.939799331  0.00263776446074
704.030100334  0.00285246553256
704.120401338  0.00312148908217
704.210702341  0.00345968068826
704.301003344  0.00388795513307
704.391304348  0.00443631400158
704.481605351  0.0051487382442
704.571906355  0.00609132797913
704.662207358  0.00736619362113
704.752508361  0.00913566081296
704.842809365  0.011664700277
704.933110368  0.0153925640392
705.023411371  0.0210327206583
705.113712375  0.029591910568
705.204013378  0.0416855313029
705.294314381  0.0545053616369
705.384615385  0.0588640684127
705.474916388  0.0502492936666
705.565217391  0.0372196644566
705.655518395  0.0267615705196
705.745819398  0.0198246196614
705.836120401  0.0154876651131
705.926421405  0.0128881562083
706.016722408  0.0115065774741
706.107023411  0.0111052358285
706.197324415  0.0116661147395
706.287625418  0.0133542824693
706.377926421  0.0163759961922
706.468227425  0.0203009743269
706.558528428  0.0228945628067
706.648829431  0.0221008068645
706.739130435  0.0199360840367
706.829431438  0.0190812155495
706.919732441  0.0196496702058
707.010033445  0.0193787063058
707.100334448  0.0164927650652
707.190635452  0.0125556063625
707.280936455  0.0093198548451
707.371237458  0.00707074524784
707.461538462  0.00555603956787
707.551839465  0.00452189840092
707.642140468  0.00379995254735
707.732441472  0.00328831255702
707.822742475  0.00292725311073
707.913043478  0.00268394308622
708.003344482  0.00254487774946
708.093645485  0.00251384227728
708.183946488  0.0026137084806
708.274247492  0.00288633502149
708.364548495  0.00336161400747
708.454849498  0.00391372552006
708.545150502  0.00408807268632
708.635451505  0.00360135135269
708.725752508  0.00285731755417
708.816053512  0.00223601200794
708.906354515  0.00179938440221
708.996655518  0.00150003146647
709.086956522  0.00128964773331
709.177257525  0.00113612944797
709.267558528  0.0010198268125
709.357859532  0.000928732016481
709.448160535  0.000855331432639
709.538461538  0.000794774392919
709.628762542  0.000743826592045
709.719063545  0.000700263850119
709.809364548  0.000662512329409
709.899665552  0.000629429048287
709.989966555  0.000600164213223
710.080267559  0.000574072533827
710.170568562  0.000550654640366
710.260869565  0.000529517471402
710.351170569  0.000510346902958
710.441471572  0.000492888454392
710.531772575  0.000476933434368
710.622073579  0.000462308822135
710.712374582  0.000448869759785
710.802675585  0.000436493900184
710.892976589  0.000425077094323
710.983277592  0.000414530059502
711.073578595  0.0004047757755
711.163879599  0.000395747427892
711.254180602  0.000387386767478
711.344481605  0.000379642789666
711.434782609  0.000372470662459
711.525083612  0.000365830849457
711.615384615  0.000359688387296
711.705685619  0.000354012286422
711.795986622  0.000348775031182
711.886287625  0.000343952160537
711.976588629  0.000339521914691
712.066889632  0.00033546493602
712.157190635  0.000331764015031
712.247491639  0.000328403873933
712.337792642  0.000325370981817
712.428093645  0.000322653396612
712.518394649  0.000320240629827
712.608695652  0.000318123530868
712.698996656  0.000316294188262
712.789297659  0.000314745845601
712.879598662  0.000313472830409
712.969899666  0.00031247049444
713.060200669  0.000311735164207
713.150501672  0.000311264100714
713.240802676  0.000311055467607
713.331103679  0.000311108307084
713.421404682  0.000311422523042
713.511705686  0.000311998871098
713.602006689  0.000312838955179
713.692307692  0.000313945230521
713.782608696  0.000315321012989
713.872909699  0.000316970494716
713.963210702  0.000318898766157
714.053511706  0.000321111844734
714.143812709  0.000323616710339
714.234113712  0.00032642134803
714.324414716  0.000329534798407
714.414715719  0.000332967216176
714.505016722  0.000336729937607
714.595317726  0.000340835557648
714.685618729  0.000345298017633
714.775919732  0.000350132704674
714.866220736  0.000355356563986
714.956521739  0.000360988225623
715.046822742  0.00036704814731
715.137123746  0.000373558775345
715.227424749  0.000380544725847
715.317725753  0.000388032988987
715.408026756  0.00039605315927
715.498327759  0.000404637695432
715.588628763  0.000413822214083
715.678929766  0.000423645821953
715.769230769  0.000434151492383
715.859531773  0.000445386492675
715.949832776  0.000457402870107
716.040133779  0.000470258005752
716.130434783  0.000484015246934
716.220735786  0.000498744631147
716.311036789  0.000514523716663
716.401337793  0.000531438538004
716.491638796  0.000549584707995
716.581939799  0.000569068692486
716.672240803  0.000590009289179
716.762541806  0.000612539348577
716.852842809  0.000636807783218
716.943143813  0.000662981921536
717.033444816  0.000691250275324
717.123745819  0.000721825805717
717.214046823  0.000754949792723
717.304347826  0.000790896438804
717.394648829  0.000829978369633
717.484949833  0.000872553236979
717.575250836  0.00091903168275
717.665551839  0.000969886993654
717.755852843  0.00102566686815
717.846153846  0.00108700783912
717.936454849  0.0011546530578
718.026755853  0.00122947436153
718.117056856  0.00131249984231
718.20735786  0.00140494853414
718.297658863  0.00150827439088
718.387959866  0.00162422249751
718.47826087  0.00175490154343
718.568561873  0.00190287813421
718.658862876  0.00207130075132
718.74916388  0.00226406443388
718.839464883  0.00248603209906
718.929765886  0.00274333570877
719.02006689  0.00304379164993
719.110367893  0.00339748207531
719.200668896  0.00381758153039
719.2909699  0.00432155283311
719.381270903  0.00493290998686
719.471571906  0.00568387072068
719.56187291  0.00661943728445
719.652173913  0.00780382698114
719.742474916  0.00933086787417
719.83277592  0.0113412564926
719.923076923  0.014051959269
720.013377926  0.0178073928303
720.10367893  0.023169206108
720.193979933  0.0310687556162
720.284280936  0.0430255650459
720.37458194  0.0612263421548
720.464882943  0.0872307470559
720.555183946  0.115764513554
720.64548495  0.127261918418
720.735785953  0.109611406443
720.826086957  0.0804277933925
720.91638796  0.0562206180569
721.006688963  0.0397127418787
721.096989967  0.0288927182835
721.18729097  0.0217051779446
721.277591973  0.0167902459499
721.367892977  0.0133220886656
721.45819398  0.0108015742696
721.548494983  0.00892081326336
721.638795987  0.00748451753851
721.72909699  0.00636518622555
721.819397993  0.00547724910806
721.909698997  0.00476179917922
722.0  0.00417733757407
