688.0  0.000572830679293
688.117056856  0.000633163997318
688.234113712  0.000704941382909
688.351170569  0.000791303811483
688.468227425  0.000896542721614
688.585284281  0.001026639627
688.702341137  0.00119012144402
688.819397993  0.00139945761799
688.936454849  0.00167342018544
689.053511706  0.00204122242198
689.170568562  0.00255008181206
689.287625418  0.00327966290989
689.404682274  0.00437087644318
689.52173913  0.00608508849527
689.638795987  0.00892308434749
689.755852843  0.0138058774242
689.872909699  0.0218379107832
689.989966555  0.0308593520444
690.107023411  0.0308579619697
690.224080268  0.0218409585865
690.341137124  0.0138181970724
690.45819398  0.00894427764959
690.575250836  0.00611432807499
690.692307692  0.00440770986436
690.809364548  0.00332389666335
690.926421405  0.00260166196558
691.043478261  0.00210017256465
691.160535117  0.00173981169296
691.277591973  0.00147339535167
691.394648829  0.00127173680473
691.511705686  0.0011160872592
691.628762542  0.000993999135656
691.745819398  0.000896967087604
691.862876254  0.00081903153885
691.97993311  0.000755923806533
692.096989967  0.000704526831111
692.214046823  0.000662525746265
692.331103679  0.000628175952885
692.448160535  0.000600145829688
692.565217391  0.000577407977235
692.682274247  0.000559162703284
692.799331104  0.000544783350222
692.91638796  0.000533776689767
693.033444816  0.000525753888564
693.150501672  0.000520409009841
693.267558528  0.000517502971466
693.384615385  0.000516851516181
693.501672241  0.000518316179558
693.618729097  0.000521797536889
693.735785953  0.000527230216877
693.852842809  0.000534579317297
693.969899666  0.000543837964837
694.086956522  0.000555025841325
694.204013378  0.000568188560278
694.321070234  0.000583397827659
694.43812709  0.000600752363508
694.555183946  0.000620379600495
694.672240803  0.00064243821462
694.789297659  0.00066712158531
694.906354515  0.000694662330355
695.023411371  0.000725338119299
695.140468227  0.000759479042003
695.257525084  0.000797476903553
695.37458194  0.000839796941502
695.491638796  0.000886992629192
695.608695652  0.000939724457704
695.725752508  0.000998783905259
695.842809365  0.00106512424582
695.959866221  0.00113990047698
696.076923077  0.00122452155068
696.193979933  0.00132071940822
696.311036789  0.00143064127215
696.428093645  0.00155697458401
696.545150502  0.00170311847424
696.662207358  0.00187342266889
696.779264214  0.00207352591987
696.89632107  0.00231084426374
697.013377926  0.00259528983123
697.130434783  0.00294035309326
697.247491639  0.00336477354518
697.364548495  0.00389519180323
697.481605351  0.00457049327251
697.598662207  0.00544917550299
697.715719064  0.0066223402951
697.83277592  0.00823760470061
697.949832776  0.0105451320692
698.066889632  0.0139900490725
698.183946488  0.0194021417858
698.301003344  0.0283623316167
698.418060201  0.0436123972713
698.535117057  0.0671285580098
698.652173913  0.0873108936877
698.769230769  0.0801072771632
698.886287625  0.0603793316793
699.003344482  0.0497963925827
699.120401338  0.0507930034084
699.237458194  0.0568749115871
699.35451505  0.0522310381858
699.471571906  0.0374649780306
699.588628763  0.0253928741222
699.705685619  0.0181182534903
699.822742475  0.0139545342487
699.939799331  0.0116371414458
700.056856187  0.0105365283467
700.173913043  0.0104289853503
700.2909699  0.0113997300235
700.408026756  0.0138963991234
700.525083612  0.0188895945026
700.642140468  0.0275358911007
700.759197324  0.0371032938336
700.876254181  0.036293636526
700.993311037  0.0258834603827
701.110367893  0.0168751566863
701.227424749  0.0113840374641
701.344481605  0.00815021903832
701.461538462  0.0061622284215
701.578595318  0.00487159842229
701.695652174  0.00399102963828
701.81270903  0.00336470665451
701.929765886  0.0029039066418
702.046822742  0.00255562769476
702.163879599  0.00228680927837
702.280936455  0.00207604029773
702.397993311  0.00190900455098
702.515050167  0.00177587395126
702.632107023  0.0016697605711
702.74916388  0.00158576751979
702.866220736  0.00152039127855
702.983277592  0.0014711377516
703.100334448  0.00143627301426
703.217391304  0.00141466238683
703.334448161  0.00140567033557
703.451505017  0.00140910513568
703.568561873  0.00142519963481
703.685618729  0.00145462478286
703.802675585  0.00149853709089
703.919732441  0.00155866581203
704.036789298  0.00163745137959
704.153846154  0.00173825478205
704.27090301  0.00186567011863
704.387959866  0.00202599302733
704.505016722  0.00222793228949
704.622073579  0.00248371254071
704.739130435  0.00281082583741
704.856187291  0.00323489584287
704.973244147  0.00379451951664
705.090301003  0.00454976339895
705.20735786  0.00559770263014
705.324414716  0.00710212504752
705.441471572  0.00935281653462
705.558528428  0.0128874480815
705.675585284  0.0187354201446
705.79264214  0.0287772859381
705.909698997  0.045161926039
706.026755853  0.0629772811742
706.143812709  0.0620869547178
706.260869565  0.0442211536824
706.377926421  0.0290456736094
706.494983278  0.0203815417679
706.612040134  0.0162064516856
706.72909699  0.014925230761
706.846153846  0.0148070738958
706.963210702  0.0135034784612
707.080267559  0.0118403918114
707.197324415  0.0116681011415
707.314381271  0.0136478891208
707.431438127  0.018227555124
707.548494983  0.0236456110769
707.665551839  0.0230318573384
707.782608696  0.0166808732361
707.899665552  0.011241686933
708.016722408  0.00806781143433
708.133779264  0.00646149011463
708.25083612  0.00573420320786
708.367892977  0.00500832306675
708.484949833  0.00393828447628
708.602006689  0.00302205399608
708.719063545  0.00239740209122
708.836120401  0.0019741204143
708.953177258  0.00167335529585
709.070234114  0.00144916725019
709.18729097  0.00127546618013
709.304347826  0.00113676960633
709.421404682  0.00102338215701
709.538461538  0.000928925996748
709.655518395  0.000849026015905
709.772575251  0.000780574017461
709.889632107  0.000721296378613
710.006688963  0.000669488609344
710.123745819  0.00062384597226
710.240802676  0.000583351714668
710.357859532  0.000547201137473
710.474916388  0.000514748684388
710.591973244  0.000485470243504
710.7090301  0.000458935756147
710.826086957  0.000434788966151
710.943143813  0.000412732214359
711.060200669  0.000392514861505
711.177257525  0.000373924362407
711.294314381  0.00035677930553
711.411371237  0.000340923928614
711.528428094  0.000326223756172
711.64548495  0.000312562098992
711.762541806  0.000299837222667
711.879598662  0.000287960040197
711.996655518  0.000276852218647
712.113712375  0.000266444615549
712.230769231  0.000256675979871
712.347826087  0.000247491866712
712.464882943  0.000238843725774
712.581939799  0.000230688132014
712.698996656  0.000222986133249
712.816053512  0.000215702694518
712.933110368  0.000208806222873
713.050167224  0.000202268159364
713.16722408  0.000196062627402
713.284280936  0.000190166128646
713.401337793  0.000184557279093
713.518394649  0.000179216579331
713.635451505  0.000174126213911
713.752508361  0.000169269875646
713.869565217  0.000164632611299
713.986622074  0.000160200685702
714.10367893  0.000155961461795
714.220735786  0.000151903294459
714.337792642  0.000148015436339
714.454849498  0.000144287954108
714.571906355  0.000140711653855
714.688963211  0.000137278014471
714.806020067  0.00013397912804
714.923076923  0.000130807646409
715.040133779  0.000127756733197
715.157190635  0.00012482002062
715.274247492  0.000121991570572
715.391304348  0.000119265839487
715.508361204  0.000116637646568
715.62541806  0.000114102145001
715.742474916  0.000111654795853
715.859531773  0.000109291344348
715.976588629  0.000107007798287
716.093645485  0.000104800408394
716.210702341  0.00010266565037
716.327759197  0.000100600208516
716.444816054  9.86009607404e-05
716.56187291  9.66649648352e-05
716.678929766  9.47894458924e-05
716.795986622  9.29717847489e-05
716.913043478  9.12095073699e-05
717.030100334  8.95002750795e-05
717.147157191  8.78418755629e-05
717.264214047  8.62322145699e-05
717.381270903  8.4669308258e-05
717.498327759  8.31512761168e-05
717.615384615  8.16763344262e-05
717.732441472  8.02427901991e-05
717.849498328  7.88490355697e-05
717.966555184  7.74935425897e-05
718.08361204  7.61748583968e-05
718.200668896  7.48916007271e-05
718.317725753  7.36424537424e-05
718.434782609  7.24261641469e-05
718.551839465  7.12415375703e-05
718.668896321  7.00874351973e-05
718.785953177  6.89627706234e-05
718.903010033  6.78665069192e-05
719.02006689  6.67976538888e-05
719.137123746  6.57552655065e-05
719.254180602  6.4738437518e-05
719.371237458  6.37463051962e-05
719.488294314  6.27780412373e-05
719.605351171  6.18328537897e-05
719.722408027  6.09099846041e-05
719.839464883  6.00087072976e-05
719.956521739  5.91283257235e-05
720.073578595  5.82681724385e-05
720.190635452  5.74276072617e-05
720.307692308  5.6606015919e-05
720.424749164  5.58028087662e-05
720.54180602  5.50174195865e-05
720.658862876  5.42493044572e-05
720.775919732  5.34979406805e-05
720.892976589  5.2762825775e-05
721.010033445  5.20434765237e-05
721.127090301  5.1339428074e-05
721.244147157  5.06502330883e-05
721.361204013  4.99754609403e-05
721.47826087  4.9314696954e-05
721.595317726  4.86675416852e-05
721.712374582  4.80336102394e-05
721.829431438  4.74125316265e-05
721.946488294  4.68039481495e-05
722.063545151  4.62075148239e-05
722.180602007  4.56228988278e-05
722.297658863  4.50497789795e-05
722.414715719  4.4487845242e-05
722.531772575  4.39367982518e-05
722.648829431  4.33963488715e-05
722.765886288  4.28662177647e-05
722.882943144  4.23461349909e-05
723.0  4.18358396212e-05
