686.0  0.000263414759888
686.120401338  0.000286529478014
686.240802676  0.000313093291969
686.361204013  0.00034383693839
686.481605351  0.000379695062882
686.602006689  0.00042187815458
686.722408027  0.000471975728339
686.842809365  0.000532107163106
686.963210702  0.000605146880787
687.08361204  0.000695068420708
687.204013378  0.000807483999493
687.324414716  0.000950515509321
687.444816054  0.00113624697684
687.565217391  0.00138323647085
687.685618729  0.00172104033213
687.806020067  0.00219873361249
687.926421405  0.0029017274816
688.046822742  0.00398642823415
688.16722408  0.00575304785976
688.287625418  0.00878607480316
688.408026756  0.0140701866505
688.528428094  0.02185125113
688.648829431  0.0263159777861
688.769230769  0.0209156127694
688.889632107  0.0133077033962
689.010033445  0.00834366910889
689.130434783  0.00550415560167
689.25083612  0.00384214052331
689.371237458  0.00281575614321
689.491638796  0.00214731764828
689.612040134  0.00169147191873
689.732441472  0.00136836883922
689.852842809  0.00113186539745
689.973244147  0.000954029053112
690.093645485  0.000817243400468
690.214046823  0.000709993770442
690.334448161  0.000624515716778
690.454849498  0.000555429224532
690.575250836  0.000498916419867
690.695652174  0.00045221037785
690.816053512  0.000413268110262
690.936454849  0.000380555953213
691.056856187  0.000352905449205
691.177257525  0.000329414545616
691.297658863  0.000309378582266
691.418060201  0.000292241262632
691.538461538  0.000277559281482
691.658862876  0.000264976444748
691.779264214  0.000254204491025
691.899665552  0.000245008713322
692.02006689  0.000237197065605
692.140468227  0.000230611831199
692.260869565  0.000225123197093
692.381270903  0.000220624262355
692.501672241  0.000217027137717
692.622073579  0.000214259884579
692.742474916  0.000212264107095
692.862876254  0.000210993058464
692.983277592  0.00021041015742
693.10367893  0.000210487836835
693.224080268  0.000211206665957
693.344481605  0.00021255470279
693.464882943  0.000214527044954
693.585284281  0.000217125556781
693.705685619  0.000220358758341
693.826086957  0.000224241868924
693.946488294  0.000228797003809
694.066889632  0.00023405352926
694.18729097  0.000240048587
694.307692308  0.000246827806343
694.428093645  0.000254446230063
694.548494983  0.000262969489597
694.668896321  0.000272475276825
694.789297659  0.000283055174438
694.909698997  0.00029481692583
695.030100334  0.000307887250137
695.150501672  0.000322415340732
695.27090301  0.000338577229015
695.391304348  0.000356581254324
695.511705686  0.000376674961176
695.632107023  0.00039915385611
695.752508361  0.000424372611443
695.872909699  0.000452759522244
695.993311037  0.00048483533621
696.113712375  0.000521238030363
696.234113712  0.000562755776733
696.35451505  0.000610371337052
696.474916388  0.000665322641945
696.595317726  0.00072918665287
696.715719064  0.000803997298049
696.836120401  0.00089241421939
696.956521739  0.000997968863262
697.076923077  0.00112543099874
697.197324415  0.00128136749307
697.317725753  0.00147501663572
697.43812709  0.00171969653657
697.558528428  0.00203514887003
697.678929766  0.0024515839389
697.799331104  0.0030169516965
697.919732441  0.00381060836038
698.040133779  0.00497024163046
698.160535117  0.00674728153987
698.280936455  0.00962330547102
698.401337793  0.014535972444
698.52173913  0.0230804789209
698.642140468  0.0357850766814
698.762541806  0.0435543617535
698.882943144  0.0351907455217
699.003344482  0.0228013142372
699.123745819  0.0147123662
699.244147157  0.0101896067277
699.364548495  0.00769058817299
699.484949833  0.00634689728965
699.605351171  0.00575334995304
699.725752508  0.00577106016908
699.846153846  0.00646181242582
699.966555184  0.00812581977795
700.086956522  0.011379844803
700.20735786  0.0166307650556
700.327759197  0.0207801578533
700.448160535  0.0185286238107
700.568561873  0.014369126395
700.688963211  0.0128555206135
700.809364548  0.0136847666061
700.929765886  0.0133064535322
701.050167224  0.00990710663763
701.170568562  0.0066340033988
701.2909699  0.00457443560172
701.411371237  0.00334300082701
701.531772575  0.00257407657927
701.652173913  0.00206631706523
701.772575251  0.00171404542996
701.892976589  0.00145970523027
702.013377926  0.00127026182936
702.133779264  0.00112577403433
702.254180602  0.00101366269078
702.37458194  0.000925696278744
702.494983278  0.000856329037092
702.615384615  0.000801745125081
702.735785953  0.000759288908084
702.856187291  0.000727116120425
702.976588629  0.000703977260293
703.096989967  0.000689084308586
703.217391304  0.000682033554874
703.337792642  0.000682769970689
703.45819398  0.000691586783661
703.578595318  0.000709160275337
703.698996656  0.000736626166493
703.819397993  0.000775712049969
703.939799331  0.000828952655773
704.060200669  0.000900035540262
704.180602007  0.000994362224569
704.301003344  0.00111998044114
704.421404682  0.00128918230372
704.54180602  0.00152134935933
704.662207358  0.0018482394169
704.782608696  0.00232427803689
704.903010033  0.00304752268818
705.023411371  0.00420365590729
705.143812709  0.00615474084687
705.264214047  0.00955710375062
705.384615385  0.0149858106019
705.505016722  0.0197972628981
705.62541806  0.0176677143376
705.745819398  0.0119691878086
705.866220736  0.00791228242025
705.986622074  0.00571262986641
706.107023411  0.0046659644092
706.227424749  0.00438453610237
706.347826087  0.0047942587852
706.468227425  0.00609478044762
706.588628763  0.00866427526194
706.7090301  0.0119220015575
706.829431438  0.0123336646689
706.949832776  0.00920231086154
707.070234114  0.00601753441728
707.190635452  0.00399723886671
707.311036789  0.00282523874451
707.431438127  0.00212867995614
707.551839465  0.00169871276849
707.672240803  0.00142980507398
707.79264214  0.00127042435224
707.913043478  0.00120006448646
708.033444816  0.00122234888701
708.153846154  0.00136999792619
708.274247492  0.00171885218225
708.394648829  0.00236173919239
708.515050167  0.00306317397307
708.635451505  0.00290942767924
708.755852843  0.00207062394687
708.876254181  0.00139279837554
708.996655518  0.000986167431221
709.117056856  0.000744539406988
709.237458194  0.000592646551135
709.357859532  0.000490965694626
709.47826087  0.000419007000648
709.598662207  0.000365672518413
709.719063545  0.000324619364518
709.839464883  0.000292030475394
709.959866221  0.000265499735456
710.080267559  0.000243447183538
710.200668896  0.000224797562754
710.321070234  0.000208795815189
710.441471572  0.000194896956458
710.56187291  0.00018269799673
710.682274247  0.000171894508648
710.802675585  0.000162252124467
710.923076923  0.000153587348209
711.043478261  0.00014575433796
711.163879599  0.000138635608885
711.284280936  0.000132135368822
711.404682274  0.000126174657695
711.525083612  0.000120687746058
711.64548495  0.000115619427649
711.765886288  0.000110922956768
711.886287625  0.000106558457534
712.006688963  0.000102491683116
712.127090301  9.86930377886e-05
712.247491639  9.5136798626e-05
712.367892977  9.18004905181e-05
712.488294314  8.8664380085e-05
712.608695652  8.57110626834e-05
712.72909699  8.2925122932e-05
712.849498328  8.0292853774e-05
712.969899666  7.78020225115e-05
713.090301003  7.54416747979e-05
713.210702341  7.32019695179e-05
713.331103679  7.10740389592e-05
713.451505017  6.90498698191e-05
713.571906355  6.7122201472e-05
713.692307692  6.52844386145e-05
713.81270903  6.35305759459e-05
713.933110368  6.18551329722e-05
714.053511706  6.02530973638e-05
714.173913043  5.87198755739e-05
714.294314381  5.72512496406e-05
714.414715719  5.58433392816e-05
714.535117057  5.44925685313e-05
714.655518395  5.31956362917e-05
714.775919732  5.19494902679e-05
714.89632107  5.07513038377e-05
715.016722408  4.95984554748e-05
715.137123746  4.84885103989e-05
715.257525084  4.74192041752e-05
715.377926421  4.6388428024e-05
715.498327759  4.53942156333e-05
715.618729097  4.44347312981e-05
715.739130435  4.35082592316e-05
715.859531773  4.26131939143e-05
715.97993311  4.17480313652e-05
716.100334448  4.09113612322e-05
716.220735786  4.01018596148e-05
716.341137124  3.93182825383e-05
716.461538462  3.85594600134e-05
716.581939799  3.7824290619e-05
716.702341137  3.71117365559e-05
716.822742475  3.6420819124e-05
716.943143813  3.575061458e-05
717.063545151  3.51002503404e-05
717.183946488  3.44689014954e-05
717.304347826  3.38557876043e-05
717.424749164  3.32601697467e-05
717.545150502  3.26813478053e-05
717.665551839  3.21186579601e-05
717.785953177  3.15714703739e-05
717.906354515  3.1039187053e-05
718.026755853  3.05212398682e-05
718.147157191  3.00170887206e-05
718.267558528  2.95262198418e-05
718.387959866  2.90481442158e-05
718.508361204  2.8582396114e-05
718.628762542  2.81285317312e-05
718.74916388  2.76861279185e-05
718.869565217  2.72547810012e-05
718.989966555  2.68341056783e-05
719.110367893  2.64237339946e-05
719.230769231  2.60233143816e-05
719.351170569  2.56325107614e-05
719.471571906  2.52510017081e-05
719.591973244  2.48784796636e-05
719.712374582  2.45146502029e-05
719.83277592  2.41592313454e-05
719.953177258  2.38119529093e-05
720.073578595  2.34725559055e-05
720.193979933  2.31407919684e-05
720.314381271  2.28164228215e-05
720.434782609  2.24992197738e-05
720.555183946  2.21889632471e-05
720.675585284  2.18854423303e-05
720.795986622  2.15884543598e-05
720.91638796  2.12978045237e-05
721.036789298  2.10133054889e-05
721.157190635  2.07347770488e-05
721.277591973  2.04620457908e-05
721.397993311  2.01949447825e-05
721.518394649  1.99333132746e-05
721.638795987  1.96769964199e-05
721.759197324  1.94258450081e-05
721.879598662  1.91797152142e-05
722.0  1.893846836e-05
