689.0  0.000652989688813
689.113712375  0.00071864625766
689.227424749  0.000796023045869
689.341137124  0.000888126434327
689.454849498  0.000998987318791
689.568561873  0.00113410626739
689.682274247  0.00130113887767
689.795986622  0.00151097926049
689.909698997  0.00177952419466
690.023411371  0.00213064144383
690.137123746  0.00260134921961
690.25083612  0.00325122041833
690.364548495  0.00418018777515
690.47826087  0.0055636222024
690.591973244  0.0077231615157
690.705685619  0.0112647122439
690.819397993  0.0172723706019
690.933110368  0.026971496168
691.046822742  0.0377726428458
691.160535117  0.0382059310809
691.274247492  0.0276458007955
691.387959866  0.0177410189334
691.501672241  0.0115540250387
691.615384615  0.00791139030987
691.72909699  0.00569877722794
691.842809365  0.00428784724274
691.956521739  0.00334512504324
692.070234114  0.00268920679955
692.183946488  0.00221700213281
692.297658863  0.00186721720765
692.411371237  0.00160185719604
692.525083612  0.00139648001485
692.638795987  0.00123484131691
692.752508361  0.00110583240254
692.866220736  0.00100166403925
692.97993311  0.000916753100478
693.093645485  0.000847019519218
693.20735786  0.000789430381217
693.321070234  0.000741697141506
693.434782609  0.000702070174652
693.548494983  0.000669196652123
693.662207358  0.000642020504952
693.775919732  0.00061971090453
693.889632107  0.000601610418371
694.003344482  0.00058719696938
694.117056856  0.000576055634247
694.230769231  0.000567857563578
694.344481605  0.000562344136244
694.45819398  0.000559315021986
694.571906355  0.000558619212833
694.685618729  0.000560148354438
694.799331104  0.000563831901545
694.913043478  0.00056963376277
695.026755853  0.000577550205861
695.140468227  0.000587608877474
695.254180602  0.000599868859887
695.367892977  0.000614421747494
695.481605351  0.000631393783938
695.595317726  0.000650949161331
695.7090301  0.000673294651701
695.822742475  0.000698685823728
695.936454849  0.000727435203178
696.050167224  0.000759922874135
696.163879599  0.000796610205683
696.277591973  0.000838057647742
696.391304348  0.000884947903786
696.505016722  0.000938116308111
696.618729097  0.000998590989202
696.732441472  0.00106764651127
696.846153846  0.0011468763483
696.959866221  0.00123829207607
697.073578595  0.00134446109362
697.18729097  0.00146870089501
697.301003344  0.00161535794818
697.414715719  0.00179021583614
697.528428094  0.0020011054755
697.642140468  0.00225883933449
697.755852843  0.00257867982719
697.869565217  0.00298271593259
697.983277592  0.00350383725122
698.096989967  0.0041926237135
698.210702341  0.00512977207545
698.324414716  0.0064494688821
698.43812709  0.00838517972034
698.551839465  0.011361929629
698.665551839  0.0161782963953
698.779264214  0.0242867110464
698.892976589  0.037559643912
699.006688963  0.0537217525954
699.120401338  0.0574031806939
699.234113712  0.0435568211337
699.347826087  0.0289578451305
699.461538462  0.0197779335059
699.575250836  0.0146193653269
699.688963211  0.0118322229412
699.802675585  0.0105092271974
699.91638796  0.0102526728067
700.030100334  0.0109963818438
700.143812709  0.0129761636075
700.257525084  0.0168414024154
700.371237458  0.023865386027
700.484949833  0.0355311301566
700.598662207  0.0487135400023
700.712374582  0.0493129651477
700.826086957  0.0363141049163
700.939799331  0.0240900312015
701.053511706  0.0165102714358
701.16722408  0.0121500654441
701.280936455  0.00964855261083
701.394648829  0.00825718614195
701.508361204  0.0076128275702
701.622073579  0.00757597894521
701.735785953  0.00816905587352
701.849498328  0.00959115902983
701.963210702  0.0123136571077
702.076923077  0.0172503499856
702.190635452  0.0255952560422
702.304347826  0.0358305983265
702.418060201  0.037922017551
702.531772575  0.028634300811
702.64548495  0.018872234228
702.759197324  0.0126058384409
702.872909699  0.00889879641234
702.986622074  0.00664715469351
703.100334448  0.00521242985245
703.214046823  0.00425524501589
703.327759197  0.00359169754478
703.441471572  0.00311780880025
703.555183946  0.0027721114267
703.668896321  0.00251677980766
703.782608696  0.00232774472579
703.89632107  0.00218929873187
704.010033445  0.00209103922849
704.123745819  0.00202608155771
704.237458194  0.00198999290544
704.351170569  0.00198015537677
704.464882943  0.00199540026297
704.578595318  0.00203582873338
704.692307692  0.00210277761719
704.806020067  0.00219891849058
704.919732441  0.00232850338514
705.033444816  0.00249779837458
705.147157191  0.00271578525302
705.260869565  0.0029952739361
705.37458194  0.00335467647592
705.488294314  0.00382089133423
705.602006689  0.0044341233207
705.715719064  0.0052562113395
705.829431438  0.00638557389636
705.943143813  0.00798515924071
706.056856187  0.0103369056058
706.170568562  0.0139512178786
706.284280936  0.0197848257779
706.397993311  0.0296001163519
706.511705686  0.045900066908
706.62541806  0.0672763780417
706.739130435  0.075751524912
706.852842809  0.0597910498957
706.966555184  0.0403487088289
707.080267559  0.0281898422036
707.193979933  0.0221330122907
707.307692308  0.0192132855209
707.421404682  0.0162066274933
707.535117057  0.0129069997146
707.648829431  0.010693137918
707.762541806  0.00971717534638
707.876254181  0.0098312945322
707.989966555  0.0111465925986
708.10367893  0.0141764649709
708.217391304  0.0198029234319
708.331103679  0.027676602843
708.444816054  0.0312874283041
708.558528428  0.0253447882243
708.672240803  0.0175329807665
708.785953177  0.0124526248401
708.899665552  0.00978819519913
709.013377926  0.00878924824896
709.127090301  0.00919930905884
709.240802676  0.011080021996
709.35451505  0.0136229544855
709.468227425  0.0134904519112
709.581939799  0.0101712372049
709.695652174  0.007008314102
709.809364548  0.00497321297925
709.923076923  0.00372796876202
710.036789298  0.00293534074309
710.150501672  0.00240238932855
710.264214047  0.00202539936277
710.377926421  0.00174708252976
710.491638796  0.00153427160924
710.605351171  0.00136681247296
710.719063545  0.00123190097068
710.83277592  0.00112107506426
710.946488294  0.00102854586753
711.060200669  0.00095023213823
711.173913043  0.000883179922341
711.287625418  0.000825201432329
711.401337793  0.000774643252179
711.515050167  0.000730233349755
711.628762542  0.000690977544623
711.742474916  0.000656087848829
711.856187291  0.000624931850723
711.969899666  0.000596996299502
712.08361204  0.000571860466082
712.197324415  0.000549176358058
712.311036789  0.000528653820791
712.424749164  0.000510049175425
712.538461538  0.000493156453538
712.652173913  0.000477800563107
712.765886288  0.000463831908364
712.879598662  0.000451122116513
712.993311037  0.000439560615998
713.107023411  0.000429051876364
713.220735786  0.000419513166955
713.334448161  0.000410872726086
713.448160535  0.000403068257727
713.56187291  0.000396045691658
713.675585284  0.000389758157302
713.789297659  0.000384165132233
713.903010033  0.000379231734668
714.016722408  0.000374928135645
714.130434783  0.000371229071576
714.244147157  0.000368113441824
714.357859532  0.000365563979056
714.471571906  0.000363566982642
714.585284281  0.000362112107407
714.698996656  0.000361192201724
714.81270903  0.000360803190358
714.926421405  0.000360943998627
715.040133779  0.000361616515563
715.153846154  0.000362825594625
715.267558528  0.00036457909144
715.381270903  0.000366887938864
715.494983278  0.000369766260463
715.608695652  0.000373231524409
715.722408027  0.000377304740628
715.836120401  0.000382010705072
715.949832776  0.000387378296048
716.063545151  0.000393440828824
716.177257525  0.000400236476161
716.2909699  0.000407808764171
716.404682274  0.000416207154922
716.518394649  0.000425487729715
716.632107023  0.000435713989893
716.745819398  0.000446957795762
716.859531773  0.000459300468637
716.973244147  0.000472834086601
717.086956522  0.000487663011479
717.200668896  0.000503905693139
717.314381271  0.000521696808107
717.428093645  0.000541189803219
717.54180602  0.00056255993252
717.655518395  0.000586007898
717.769230769  0.000611764233611
717.882943144  0.000640094609422
717.996655518  0.000671306281648
718.110367893  0.000705755978606
718.224080268  0.000743859597914
718.337792642  0.000786104204248
718.451505017  0.000833062970678
718.565217391  0.000885413915716
718.678929766  0.000943963575546
718.79264214  0.00100967714969
718.906354515  0.001083717218
719.02006689  0.0011674939216
719.133779264  0.00126273064239
719.247491639  0.00137155088081
719.361204013  0.00149659449116
719.474916388  0.00164117512797
719.588628763  0.00180949639455
719.702341137  0.00200695294913
719.816053512  0.00224055671534
719.929765886  0.0025195508378
720.043478261  0.00285631130022
720.157190635  0.00326769948039
720.27090301  0.00377713961067
720.384615385  0.00441789442026
720.498327759  0.00523838300702
720.612040134  0.00631109941182
720.725752508  0.00774811886903
720.839464883  0.00972914284078
720.953177258  0.0125543860633
721.066889632  0.0167484128374
721.180602007  0.0232696079123
721.294314381  0.0339219898261
721.408026756  0.051973715023
721.52173913  0.081489478971
721.635451505  0.116528673488
721.74916388  0.122318241487
721.862876254  0.090468063698
721.976588629  0.0580952532879
722.090301003  0.0375274552672
722.204013378  0.0254156806922
722.317725753  0.0180844914356
722.431438127  0.0134260643594
722.545150502  0.0103214706984
722.658862876  0.00816422513678
722.772575251  0.00661114481403
722.886287625  0.00545901862775
723.0  0.00458233635825
