690.0  9.92085397719e-05
690.113712375  0.000106996195069
690.227424749  0.00011584275223
690.341137124  0.000125953839793
690.454849498  0.000137587667565
690.568561873  0.000151071973785
690.682274247  0.000166827669131
690.795986622  0.000185402360507
690.909698997  0.000207518731785
691.023411371  0.000234145739523
691.137123746  0.000266605661944
691.25083612  0.000306738942077
691.364548495  0.000357164847506
691.47826087  0.000421705991391
691.591973244  0.000506102825664
691.705685619  0.000619260772548
691.819397993  0.000775515405169
691.933110368  0.00099892267459
692.046822742  0.00133171375666
692.160535117  0.00185136774327
692.274247492  0.00270384570762
692.387959866  0.00414997476678
692.501672241  0.00648167620176
692.615384615  0.00906213050837
692.72909699  0.00913557313813
692.842809365  0.00659671737684
692.956521739  0.00423146707835
693.070234114  0.00275624786924
693.183946488  0.00188788251575
693.297658863  0.00136046538521
693.411371237  0.00102427264736
693.525083612  0.000799846384834
693.638795987  0.000643954745351
693.752508361  0.000532026690799
693.866220736  0.00044945550644
693.97993311  0.000387192575378
694.093645485  0.00033942526559
694.20735786  0.000302301025847
694.321070234  0.000273198071064
694.434782609  0.000250293314808
694.548494983  0.000232298220404
694.662207358  0.000218292959347
694.775919732  0.000207620122563
694.889632107  0.000199815773749
695.003344482  0.000194564835606
695.117056856  0.000191673125175
695.230769231  0.000191051596568
695.344481605  0.000192710483059
695.45819398  0.000196762630742
695.571906355  0.000203436778967
695.685618729  0.000213103225796
695.799331104  0.000226316662132
695.913043478  0.000243884660805
696.026755853  0.000266976610409
696.140468227  0.000297299175247
696.254180602  0.000337385446574
696.367892977  0.000391085880066
696.481605351  0.00046443168875
696.595317726  0.000567214219004
696.7090301  0.00071599656027
696.822742475  0.000940080988016
696.936454849  0.00129356429715
697.050167224  0.00187836013269
697.163879599  0.00287184032606
697.277591973  0.00443280316203
697.391304348  0.00595497024228
697.505016722  0.00565543194604
697.618729097  0.00396883922581
697.732441472  0.00255718087994
697.846153846  0.00169547571175
697.959866221  0.00118768346548
698.073578595  0.000877558269075
698.18729097  0.000678965090822
698.301003344  0.00054615564083
698.414715719  0.000454098759871
698.528428094  0.000388484443087
698.642140468  0.000340769118407
698.755852843  0.000305652339439
698.869565217  0.000279739691705
698.983277592  0.000260805150251
699.096989967  0.000247369158769
699.210702341  0.00023845022378
699.324414716  0.000233416164126
699.43812709  0.000231895527317
699.551839465  0.000233727797974
699.665551839  0.000238941182091
699.779264214  0.000247753058568
699.892976589  0.0002605928809
700.006688963  0.000278151876996
700.120401338  0.000301469750792
700.234113712  0.000332077702619
700.347826087  0.000372232909661
700.461538462  0.000425308928984
700.575250836  0.000496463456991
700.688963211  0.000593820254956
700.802675585  0.000730644610684
700.91638796  0.000929516108473
701.030100334  0.00123063414569
701.143812709  0.00170858113211
701.257525084  0.00250360922192
701.371237458  0.00385219690602
701.484949833  0.00590686210784
701.598662207  0.00764297206403
701.712374582  0.00688698125592
701.826086957  0.00471932035522
701.939799331  0.00304086687339
702.053511706  0.0020311051327
702.16722408  0.00143490139197
702.280936455  0.00106905156243
702.394648829  0.000833979658889
702.508361204  0.000676723063393
702.622073579  0.000568180660489
702.735785953  0.000491669567752
702.849498328  0.000437247207127
702.963210702  0.000398813376864
703.076923077  0.000372578477136
703.190635452  0.000356232655038
703.304347826  0.000348496865468
703.418060201  0.000348902244216
703.531772575  0.000357730063061
703.64548495  0.000376098443646
703.759197324  0.000406230926872
703.872909699  0.000452010339071
703.986622074  0.000520047243939
704.100334448  0.000621753518196
704.214046823  0.000777472566819
704.327759197  0.00102484490965
704.441471572  0.00143493646739
704.555183946  0.00213300052074
704.668896321  0.00324352743139
704.782608696  0.00438935793831
704.89632107  0.00427710635215
705.010033445  0.00307397687863
705.123745819  0.00202592402978
705.237458194  0.00138352927643
705.351170569  0.00100838778003
705.464882943  0.000783414779839
705.578595318  0.000643642023043
705.692307692  0.000554700964585
705.806020067  0.000497980560287
705.919732441  0.000463051533825
706.033444816  0.000443928141443
706.147157191  0.000437188761188
706.260869565  0.000441010827909
706.37458194  0.000454680312597
706.488294314  0.000478371420872
706.602006689  0.000513107404859
706.715719064  0.000560878564084
706.829431438  0.000624943946732
706.943143813  0.000710403427773
707.056856187  0.000825226394313
707.170568562  0.000982116627944
707.284280936  0.00120199662644
707.397993311  0.00152076033485
707.511705686  0.00200272520771
707.62541806  0.00276687218452
707.739130435  0.0040270123565
707.852842809  0.00606767319184
707.966555184  0.00877063019462
708.080267559  0.0106977560731
708.193979933  0.00982909243884
708.307692308  0.00722130311473
708.421404682  0.00523951208206
708.535117057  0.00427750301677
708.648829431  0.00411892361222
708.762541806  0.00471123484946
708.876254181  0.00624468265058
708.989966555  0.00885170055543
709.10367893  0.0110625252705
709.217391304  0.00987910604655
709.331103679  0.0068128321674
709.444816054  0.00444859674676
709.558528428  0.00301537276671
709.672240803  0.00215879893587
709.785953177  0.00162605932037
709.899665552  0.0012798415447
710.013377926  0.00104748551007
710.127090301  0.000890075283266
710.240802676  0.000787395983561
710.35451505  0.00073151590456
710.468227425  0.000725554110651
710.581939799  0.000785665825017
710.695652174  0.000934797958669
710.809364548  0.0011269975954
710.923076923  0.00112441568946
711.036789298  0.000879017643697
711.150501672  0.000638636497892
711.264214047  0.000480915785749
711.377926421  0.000382134257307
711.491638796  0.000317377171605
711.605351171  0.000272306583493
711.719063545  0.00023920692995
711.83277592  0.000213809963264
711.946488294  0.000193635458198
712.060200669  0.000177166400666
712.173913043  0.000163429679622
712.287625418  0.000151773993046
712.401337793  0.000141746872385
712.515050167  0.000133023612977
712.628762542  0.000125364541675
712.742474916  0.000118588378081
712.856187291  0.000112555076213
712.969899666  0.000107154441159
713.08361204  0.000102298372757
713.197324415  9.79154516779e-05
713.311036789  9.3947077264e-05
713.424749164  9.03446575541e-05
713.538461538  8.7067528084e-05
713.652173913  8.40813854238e-05
713.765886288  8.1357090842e-05
713.879598662  7.88697445427e-05
713.993311037  7.65979607333e-05
714.107023411  7.45232938718e-05
714.220735786  7.26297802146e-05
714.334448161  7.09035683862e-05
714.448160535  6.93326194708e-05
714.56187291  6.79064619949e-05
714.675585284  6.66159907031e-05
714.789297659  6.54533006297e-05
714.903010033  6.44115499043e-05
715.016722408  6.34848461905e-05
715.130434783  6.26681527644e-05
715.244147157  6.19572110993e-05
715.357859532  6.13484774877e-05
715.471571906  6.08390717623e-05
715.585284281  6.04267365948e-05
715.698996656  6.0109806202e-05
715.81270903  5.98871835655e-05
715.926421405  5.97583255191e-05
716.040133779  5.97232352639e-05
716.153846154  5.9782462061e-05
716.267558528  5.99371080254e-05
716.381270903  6.01888421155e-05
716.494983278  6.05399215765e-05
716.608695652  6.0993221276e-05
716.722408027  6.15522715554e-05
716.836120401  6.22213054288e-05
716.949832776  6.30053161976e-05
717.063545151  6.3910126824e-05
717.177257525  6.49424727255e-05
717.2909699  6.61101000396e-05
717.404682274  6.74218818694e-05
717.518394649  6.88879555864e-05
717.632107023  7.05198849588e-05
717.745819398  7.23308517302e-05
717.859531773  7.43358823378e-05
717.973244147  7.65521167949e-05
718.086956522  7.89991284402e-05
718.200668896  8.16993053886e-05
718.314381271  8.46783072317e-05
718.428093645  8.79656140237e-05
718.54180602  9.1595189092e-05
718.655518395  9.56062830687e-05
718.769230769  0.000100044414216
718.882943144  0.000104962570246
718.996655518  0.000110422690328
719.110367893  0.00011649750403
719.224080268  0.000123272828461
719.337792642  0.000130850458285
719.451505017  0.000139351829422
719.565217391  0.000148922701633
719.678929766  0.000159739195856
719.79264214  0.00017201565174
719.906354515  0.000186014958027
720.02006689  0.000202062282935
720.133779264  0.000220563540078
720.247491639  0.000242030542856
720.361204013  0.000267115749917
720.474916388  0.000296660992593
720.588628763  0.000331766955572
720.702341137  0.000373894074035
720.816053512  0.000425012029045
720.929765886  0.00048782623102
721.043478261  0.000566129512144
721.157190635  0.000665363448307
721.27090301  0.000793542080005
721.384615385  0.000962824591787
721.498327759  0.00119229537005
721.612040134  0.0015130824579
721.725752508  0.00197818439211
721.839464883  0.00268204618822
721.953177258  0.00380004926021
722.066889632  0.00566172283151
722.180602007  0.00881756096955
722.294314381  0.0135838815341
722.408026756  0.0174490917412
722.52173913  0.0155001643602
722.635451505  0.0105014246237
722.74916388  0.00669359815508
722.862876254  0.00440613244044
722.976588629  0.00305060522261
723.090301003  0.00221331160934
723.204013378  0.00166992461438
723.317725753  0.00130092270839
723.431438127  0.00104037949988
723.545150502  0.00085024715479
723.658862876  0.000707571871424
723.772575251  0.000597937189029
723.886287625  0.000511960235324
724.0  0.000443340020502
