689.0  0.000879316247279
689.113712375  0.000990443912472
689.227424749  0.00112556358795
689.341137124  0.0012921130134
689.454849498  0.00150061638043
689.568561873  0.00176633211769
689.682274247  0.00211200226366
689.795986622  0.00257260567549
689.909698997  0.00320390219727
690.023411371  0.00409844327166
690.137123746  0.00541682872824
690.25083612  0.00745061868317
690.364548495  0.0107473777613
690.47826087  0.0163142826823
690.591973244  0.0255557157752
690.705685619  0.0374973782696
690.819397993  0.0416999119242
690.933110368  0.0321752033232
691.046822742  0.020870805139
691.160535117  0.013448055753
691.274247492  0.00907283941155
691.387959866  0.00644296929975
691.501672241  0.00478566853757
691.615384615  0.00368993657059
691.72909699  0.00293420757687
691.842809365  0.0023939705881
691.956521739  0.00199599430969
692.070234114  0.00169532635073
692.183946488  0.00146329715903
692.297658863  0.00128099572903
692.411371237  0.00113557420389
692.525083612  0.00101807492224
692.638795987  0.000922108655139
692.752508361  0.000843025751376
692.866220736  0.000777381985987
692.97993311  0.000722585784102
693.093645485  0.000676660038601
693.20735786  0.000638078072401
693.321070234  0.000605648624858
693.434782609  0.000578433901699
693.548494983  0.000555690334716
693.662207358  0.000536825206144
693.775919732  0.000521364533545
693.889632107  0.000508929069625
694.003344482  0.000499216237738
694.117056856  0.000491986475008
694.230769231  0.000487052900961
694.344481605  0.000484273540193
694.45819398  0.000483545547788
694.571906355  0.000484801045544
694.685618729  0.000488004295424
694.799331104  0.000493150027476
694.913043478  0.000500262812676
695.026755853  0.00050939743376
695.140468227  0.000520640265021
695.254180602  0.000534111730502
695.367892977  0.000549969974064
695.481605351  0.000568415950426
695.595317726  0.000589700240765
695.7090301  0.000614132019555
695.822742475  0.000642090764774
695.936454849  0.000674041531205
696.050167224  0.000710554925621
696.163879599  0.000752333377449
696.277591973  0.000800245957116
696.391304348  0.00085537496279
696.505016722  0.000919078943806
696.618729097  0.000993079029264
696.732441472  0.00107957883548
696.846153846  0.00118143359925
696.959866221  0.00130239284291
697.073578595  0.0014474551531
697.18729097  0.00162339778386
697.301003344  0.00183958569686
697.414715719  0.00210923960201
697.528428094  0.00245148100351
697.642140468  0.00289473699352
697.755852843  0.00348261271826
697.869565217  0.00428442089667
697.983277592  0.00541486159504
698.096989967  0.00707235149293
698.210702341  0.00961607991432
698.324414716  0.0137196801827
698.43812709  0.0206279415486
698.551839465  0.0321399881664
698.665551839  0.0474450223567
698.779264214  0.0539276259143
698.892976589  0.0424808529333
699.006688963  0.0278607490638
699.120401338  0.0181265024313
699.234113712  0.0124049981989
699.347826087  0.00900041884889
699.461538462  0.00689038879855
699.575250836  0.00553156939149
699.688963211  0.00463313924856
699.802675585  0.0040340493094
699.91638796  0.00364236756545
700.030100334  0.00340518656216
700.143812709  0.00329347371229
700.257525084  0.00329464958321
700.371237458  0.00340968979247
700.484949833  0.00365361053279
700.598662207  0.00405960641036
700.712374582  0.00468870203024
700.826086957  0.00564952873597
700.939799331  0.00713843848373
701.053511706  0.00952105898186
701.16722408  0.0134872008743
701.280936455  0.0202260248482
701.394648829  0.0307101347887
701.508361204  0.0405319931559
701.622073579  0.0381091906788
701.735785953  0.0273073226629
701.849498328  0.0187487028414
701.963210702  0.0140181093998
702.076923077  0.0120089110521
702.190635452  0.0120918514618
702.304347826  0.0143360681354
702.418060201  0.0188092671183
702.531772575  0.0225536600958
702.64548495  0.0199595832113
702.759197324  0.0140407694191
702.872909699  0.00953230841592
702.986622074  0.00679084407776
703.100334448  0.00514263904912
703.214046823  0.00411369437893
703.327759197  0.00344592897643
703.441471572  0.00300137789883
703.555183946  0.00270413373557
703.668896321  0.00251119526835
703.782608696  0.00239806064448
703.89632107  0.00235152076204
704.010033445  0.00236611938856
704.123745819  0.00244268482485
704.237458194  0.00258829306716
704.351170569  0.00281758783335
704.464882943  0.0031558848533
704.578595318  0.00364520062201
704.692307692  0.00435568272936
704.806020067  0.00540772004562
704.919732441  0.00701602371829
705.033444816  0.00957877977913
705.147157191  0.0138463540937
705.260869565  0.0211079057116
705.37458194  0.0323803475522
705.488294314  0.0427288131742
705.602006689  0.0396368383407
705.715719064  0.0275695665471
705.829431438  0.0178450378916
705.943143813  0.0119646131318
706.056856187  0.00851630141709
706.170568562  0.00643244120512
706.284280936  0.00513182013001
706.397993311  0.0043108531569
706.511705686  0.00381155939989
706.62541806  0.00355753089105
706.739130435  0.00352760846276
706.852842809  0.00375297292758
706.966555184  0.00433200147627
707.080267559  0.00542970683919
707.193979933  0.0070332512412
707.307692308  0.00826908392423
707.421404682  0.00871979893781
707.535117057  0.0099861126576
707.648829431  0.0130589977814
707.762541806  0.0163312210477
707.876254181  0.0152322368123
707.989966555  0.010812842507
708.10367893  0.00715429284832
708.217391304  0.00490201931367
708.331103679  0.00355343980616
708.444816054  0.00271268287222
708.558528428  0.00216102994719
708.672240803  0.00178165956105
708.785953177  0.00151017166771
708.899665552  0.0013094133267
709.013377926  0.0011569599472
709.127090301  0.00103871185411
709.240802676  0.000945482535332
709.35451505  0.000871103165107
709.468227425  0.000811327593131
709.581939799  0.000763177348066
709.695652174  0.000724538011866
709.809364548  0.000693904585431
709.923076923  0.000670218474287
710.036789298  0.000652763124172
710.150501672  0.000641099113025
710.264214047  0.000635027677779
710.377926421  0.000634576866929
710.491638796  0.00064000825968
710.605351171  0.000651845445112
710.719063545  0.00067092900253
710.83277592  0.000698507460558
710.946488294  0.000736380954688
711.060200669  0.000787126316846
711.173913043  0.00085445334334
711.287625418  0.000943780292504
711.401337793  0.0010631891971
711.515050167  0.00122506422572
711.628762542  0.0014490077236
711.742474916  0.00176724526628
711.856187291  0.0022350684729
711.969899666  0.00295172862144
712.08361204  0.00410245250835
712.197324415  0.00603365036121
712.311036789  0.00929658644862
712.424749164  0.0140110016668
712.538461538  0.017100303252
712.652173913  0.0144158230612
712.765886288  0.00964217078221
712.879598662  0.00623293769836
712.993311037  0.00420423080878
713.107023411  0.00299594840731
713.220735786  0.00224364809936
713.334448161  0.00175164853625
713.448160535  0.00141531890682
713.56187291  0.00117656323804
713.675585284  0.00100162098214
713.789297659  0.000869994749871
713.903010033  0.000768738081519
714.016722408  0.000689383524527
714.130434783  0.000626221069315
714.244147157  0.000575295612773
714.357859532  0.000533802442061
714.471571906  0.000499711114015
714.585284281  0.000471524765438
714.698996656  0.000448122153805
714.81270903  0.000428651615199
714.926421405  0.000412458408603
715.040133779  0.000399034012441
715.153846154  0.000387980151345
715.267558528  0.000378982893178
715.381270903  0.000371793750421
715.494983278  0.000366215732659
715.608695652  0.000362092952653
715.722408027  0.000359302820797
715.836120401  0.000357750152601
715.949832776  0.000357362711251
716.063545151  0.000358087843896
716.177257525  0.000359889966242
716.2909699  0.000362748718569
716.404682274  0.00036665766603
716.518394649  0.000371623453104
716.632107023  0.000377665350204
716.745819398  0.000384815152625
716.859531773  0.000393117410348
716.973244147  0.000402629983081
717.086956522  0.000413424929732
717.200668896  0.000425589756204
717.314381271  0.000439229061066
717.428093645  0.000454466636284
717.54180602  0.000471448101026
717.655518395  0.000490344172082
717.769230769  0.000511354706381
717.882943144  0.000534713692149
717.996655518  0.000560695418542
718.110367893  0.00058962212388
718.224080268  0.000621873516248
718.337792642  0.000657898686394
718.451505017  0.0006982311045
718.565217391  0.000743507628528
718.678929766  0.000794492780124
718.79264214  0.000852110005632
718.906354515  0.000917482296753
719.02006689  0.000991985492335
719.133779264  0.00107731896653
719.247491639  0.00117560046052
719.361204013  0.00128949490576
719.474916388  0.00142239182282
719.588628763  0.00157865327066
719.702341137  0.00176396608826
719.816053512  0.00198585131508
719.929765886  0.00225441556817
720.043478261  0.00258348366583
720.157190635  0.00299234761986
720.27090301  0.00350854083164
720.384615385  0.0041723718486
720.498327759  0.00504458415442
720.612040134  0.00621978252002
720.725752508  0.00785093007373
720.839464883  0.010195958511
720.953177258  0.0137099745567
721.066889632  0.0192315290413
721.180602007  0.0283405233454
721.294314381  0.0438099120598
721.408026756  0.0683161182014
721.52173913  0.0931766513536
721.635451505  0.0899717010252
721.74916388  0.0633531772186
721.862876254  0.0404256928307
721.976588629  0.026342669415
722.090301003  0.0180363375696
722.204013378  0.0129591317289
722.317725753  0.00969880907014
722.431438127  0.00750537697991
722.545150502  0.00596891401826
722.658862876  0.00485518829283
722.772575251  0.00402420340766
722.886287625  0.00338876388824
723.0  0.00289253507488
