686.0  0.000772340718124
686.090301003  0.000825411531897
686.180602007  0.00088449664215
686.27090301  0.00095054741333
686.361204013  0.00102471053149
686.451505017  0.00110837793765
686.54180602  0.00120325222542
686.632107023  0.00131143319091
686.722408027  0.00143553367154
686.81270903  0.00157883647629
686.903010033  0.00174550978967
686.993311037  0.00194090706678
687.08361204  0.00217199104872
687.173913043  0.00244794340584
687.264214047  0.00278105741959
687.35451505  0.00318807134457
687.444816054  0.00369220349232
687.535117057  0.00432633182813
687.62541806  0.0051380878199
687.715719064  0.00619823454906
687.806020067  0.00761481535952
687.89632107  0.00955762114116
687.986622074  0.0123011084256
688.076923077  0.0162986891401
688.16722408  0.0222991424158
688.257525084  0.0314542652098
688.347826087  0.0450043344588
688.43812709  0.0619346337568
688.528428094  0.0736291993805
688.618729097  0.0688166534347
688.7090301  0.0526512394096
688.799331104  0.0370978013788
688.889632107  0.0260409036206
688.97993311  0.018761341236
689.070234114  0.013962920436
689.160535117  0.0107175285869
689.25083612  0.00845283569576
689.341137124  0.00682387537771
689.431438127  0.00561965519062
689.52173913  0.00470768246499
689.612040134  0.00400231505812
689.702341137  0.00344661268924
689.79264214  0.00300171312585
689.882943144  0.00264045148694
689.973244147  0.00234342480728
690.063545151  0.00209650153541
690.153846154  0.00188920686809
690.244147157  0.00171365217877
690.334448161  0.00156381038244
690.424749164  0.0014350160564
690.515050167  0.00132361454288
690.605351171  0.00122671165448
690.695652174  0.00114199248825
690.785953177  0.00106758847227
690.876254181  0.00100197857239
690.966555184  0.000943915024454
691.056856187  0.000892366898408
691.147157191  0.000846476781319
691.237458194  0.000805527218282
691.327759197  0.000768914486178
691.418060201  0.000736127931066
691.508361204  0.000706733565053
691.598662207  0.000680360951973
691.688963211  0.000656692652745
691.779264214  0.000635455678067
691.869565217  0.000616414526574
691.959866221  0.00059936548383
692.050167224  0.00058413193053
692.140468227  0.000570560463565
692.230769231  0.000558517675769
692.321070234  0.000547887472543
692.411371237  0.000538568828621
692.501672241  0.000530473907721
692.591973244  0.000523526483138
692.682274247  0.000517660609374
692.772575251  0.000512819504461
692.862876254  0.000508954610297
692.953177258  0.000506024804418
693.043478261  0.000503995741651
693.133779264  0.00050283930809
693.224080268  0.000502533173237
693.314381271  0.000503060428857
693.404682274  0.000504409305488
693.494983278  0.000506572959491
693.585284281  0.00050954932527
693.675585284  0.000513341028816
693.765886288  0.000517955360117
693.856187291  0.000523404303274
693.946488294  0.000529704624386
694.036789298  0.000536878018559
694.127090301  0.000544951318613
694.217391304  0.000553956769445
694.307692308  0.000563932373492
694.397993311  0.000574922314369
694.488294314  0.000586977467668
694.578595318  0.000600156010085
694.668896321  0.000614524140683
694.759197324  0.000630156931145
694.849498328  0.000647139325689
694.939799331  0.000665567315828
695.030100334  0.000685549320821
695.120401338  0.000707207811558
695.210702341  0.000730681224296
695.301003344  0.000756126221455
695.391304348  0.000783720370377
695.481605351  0.000813665328264
695.571906355  0.000846190643677
695.662207358  0.000881558313536
695.752508361  0.000920068271498
695.842809365  0.000962065031973
695.933110368  0.0010079457776
696.023411371  0.00105817026254
696.113712375  0.00111327301707
696.204013378  0.00117387849207
696.294314381  0.00124071999107
696.384615385  0.00131466352595
696.474916388  0.00139673813573
696.565217391  0.00148817477686
696.655518395  0.00159045670915
696.745819398  0.00170538548459
696.836120401  0.00183516838978
696.926421405  0.00198253580234
697.016722408  0.00215090089471
697.107023411  0.00234458028032
697.197324415  0.0025691039395
697.287625418  0.00283165849573
697.377926421  0.00314173388937
697.468227425  0.00351208740387
697.558528428  0.00396021503676
697.648829431  0.00451065511758
697.739130435  0.00519869388918
697.829431438  0.00607649465565
697.919732441  0.00722350858333
698.010033445  0.00876452089113
698.100334448  0.0109009738127
698.190635452  0.0139624073402
698.280936455  0.0184705931306
698.371237458  0.0251053141631
698.461538462  0.034031334719
698.551839465  0.0425979192595
698.642140468  0.0448741940113
698.732441472  0.0405105812753
698.822742475  0.0358403232969
698.913043478  0.0346517897188
699.003344482  0.0379170007955
699.093645485  0.0463745471778
699.183946488  0.0609330571529
699.274247492  0.0798247265256
699.364548495  0.0923606601479
699.454849498  0.085902611198
699.545150502  0.0675003638662
699.635451505  0.050890365
699.725752508  0.0404001750796
699.816053512  0.0355286617149
699.906354515  0.0353159460972
699.996655518  0.0385357067743
700.086956522  0.0414592690959
700.177257525  0.0385532287645
700.267558528  0.030591663352
700.357859532  0.0226736891902
700.448160535  0.0168468933414
700.538461538  0.0128779400931
700.628762542  0.0101648848737
700.719063545  0.00825739430395
700.809364548  0.00687186847277
700.899665552  0.00583437942018
700.989966555  0.00503659994297
701.080267559  0.00440913276752
701.170568562  0.00390613083163
701.260869565  0.0034963947242
701.351170569  0.00315810836544
701.441471572  0.00287564092343
701.531772575  0.00263754887793
701.622073579  0.00243529370939
701.712374582  0.00226239787862
701.802675585  0.002113876287
701.892976589  0.00198584518062
701.983277592  0.00187524800421
702.073578595  0.00177966000989
702.163879599  0.00169714698764
702.254180602  0.00162616192213
702.344481605  0.00156546874555
702.434782609  0.00151408584078
702.525083612  0.0014712442617
702.615384615  0.00143635720841
702.705685619  0.00140899839176
702.795986622  0.00138888771527
702.886287625  0.00137588330736
702.976588629  0.0013699794307
703.066889632  0.00137131024089
703.157190635  0.00138015981527
703.247491639  0.0013969793784
703.337792642  0.00142241327825
703.428093645  0.00145733610234
703.518394649  0.00150290449096
703.608695652  0.00156062889823
703.698996656  0.00163247307157
703.789297659  0.00172099285894
703.879598662  0.00182953192121
703.969899666  0.00196250140156
704.060200669  0.00212578596166
704.150501672  0.0023273440435
704.240802676  0.0025781133578
704.331103679  0.00289340748389
704.421404682  0.00329512255584
704.511705686  0.0038153148823
704.602006689  0.00450215774113
704.692307692  0.00543011776905
704.782608696  0.00671769980158
704.872909699  0.00855852894267
704.963210702  0.0112735389881
705.053511706  0.0153819289242
705.143812709  0.021602785019
705.234113712  0.0303057455451
705.324414716  0.0392361207294
705.414715719  0.0417406175515
705.505016722  0.0352564751447
705.595317726  0.0261197459748
705.685618729  0.0189584861174
705.775919732  0.0142862173958
705.866220736  0.0114510297542
705.956521739  0.00988775222651
706.046822742  0.00929085641175
706.137123746  0.00955418405022
706.227424749  0.0106058286105
706.317725753  0.0119511531121
706.408026756  0.0123479297939
706.498327759  0.0113699927039
706.588628763  0.0102274668036
706.678929766  0.00984951117546
706.769230769  0.0105127108116
706.859531773  0.0124194169554
706.949832776  0.0159224718466
707.040133779  0.0212137647847
707.130434783  0.0268553820859
707.220735786  0.0284622902292
707.311036789  0.0240623989867
707.401337793  0.0177315815556
707.491638796  0.0126457481238
707.581939799  0.00918863265201
707.672240803  0.0069048327289
707.762541806  0.00536878856198
707.852842809  0.00430312428248
707.943143813  0.00353949050326
708.033444816  0.00297571409213
708.123745819  0.00254838872301
708.214046823  0.0022170208298
708.304347826  0.00195498163678
708.394648829  0.00174426877836
708.484949833  0.00157240009854
708.575250836  0.00143052211334
708.665551839  0.00131222728316
708.755852843  0.00121279571296
708.846153846  0.00112869758336
708.936454849  0.00105725974603
709.026755853  0.000996438140116
709.117056856  0.000944659981728
709.20735786  0.000900712996278
709.297658863  0.000863667110248
709.387959866  0.000832819123831
709.47826087  0.000807654171014
709.568561873  0.000787819957796
709.658862876  0.000773111289488
709.74916388  0.000763463532863
709.839464883  0.000758954600316
709.929765886  0.000759815942801
710.02006689  0.000766454041884
710.110367893  0.000779485171946
710.200668896  0.00079978800496
710.2909699  0.000828581331775
710.381270903  0.000867538404696
710.471571906  0.000918956249396
710.56187291  0.000986009670431
710.652173913  0.00107313907452
710.742474916  0.00118665514761
710.83277592  0.00133570413463
710.923076923  0.00153384852135
711.013377926  0.00180172410782
711.10367893  0.00217161677754
711.193979933  0.00269547990861
711.284280936  0.0034589019557
711.37458194  0.00460371796919
711.464882943  0.00635349267361
711.555183946  0.00898040078307
711.64548495  0.0124402195761
711.735785953  0.0153058311764
711.826086957  0.0150103465721
711.91638796  0.0118679021026
712.006688963  0.00847995230414
712.096989967  0.00598812715853
712.18729097  0.00433577700647
712.277591973  0.00324826055356
712.367892977  0.00251535101628
712.45819398  0.00200559266496
712.548494983  0.00163973545138
712.638795987  0.00136950681765
712.72909699  0.00116475594953
712.819397993  0.00100609956203
712.909698997  0.000880716166776
713.0  0.000779895378006
