690.0  0.000111350328483
690.110367893  0.000123353712735
690.220735786  0.000137632364387
690.331103679  0.00015480562558
690.441471572  0.000175717191757
690.551839465  0.000201538938151
690.662207358  0.000233934509479
690.772575251  0.000275324613224
690.882943144  0.000329331221691
690.993311037  0.00040154799766
691.10367893  0.000500928470273
691.214046823  0.000642388172234
691.324414716  0.000851862251369
691.434782609  0.00117632106051
691.545150502  0.00170268549224
691.655518395  0.00258250132262
691.765886288  0.00398016281835
691.876254181  0.00554380711584
691.986622074  0.00570894565571
692.096989967  0.00424455638452
692.20735786  0.00276944143045
692.317725753  0.00181693837649
692.428093645  0.00124763238528
692.538461538  0.000899433426255
692.648829431  0.000676683900375
692.759197324  0.000527636035526
692.869565217  0.000423873160737
692.97993311  0.000349164700043
693.090301003  0.000293833486868
693.200668896  0.000251871458793
693.311036789  0.000219410402178
693.421404682  0.000193878513872
693.531772575  0.000173516958284
693.642140468  0.000157092696473
693.752508361  0.000143722278675
693.862876254  0.000132760515383
693.973244147  0.000123728265683
694.08361204  0.000116264479396
694.193979933  0.000110093664699
694.304347826  0.00010500339676
694.414715719  0.000100828503052
694.525083612  9.74397765616e-05
694.635451505  9.47358168968e-05
694.745819398  9.26370706567e-05
694.856187291  9.10814453334e-05
694.966555184  9.00210694294e-05
695.076923077  8.94199040097e-05
695.18729097  8.92520012171e-05
695.297658863  8.95002682189e-05
695.408026756  9.01556401735e-05
695.518394649  9.12165993984e-05
695.628762542  9.26890042885e-05
695.739130435  9.45862138234e-05
695.849498328  9.69295141804e-05
695.959866221  9.97488752764e-05
696.070234114  0.000103084089317
696.180602007  0.00010698637341
696.2909699  0.000111520557704
696.401337793  0.000116768034567
696.511705686  0.000122830720935
696.622073579  0.000129836397082
696.732441472  0.00013794594988
696.842809365  0.000147363297547
696.953177258  0.000158349156575
697.063545151  0.000171240414437
697.173913043  0.00018647783975
697.284280936  0.000204646451297
697.394648829  0.000226535543126
697.505016722  0.0002532299883
697.615384615  0.000286252673843
697.725752508  0.000327793027985
697.836120401  0.000381085281307
697.946488294  0.00045105648881
698.056856187  0.000545479126386
698.16722408  0.00067710390284
698.277591973  0.000867760418612
698.387959866  0.00115645676565
698.498327759  0.00161511328697
698.608695652  0.00237358589585
698.719063545  0.00361380118644
698.829431438  0.00525414519986
698.939799331  0.00604301793365
699.050167224  0.00493782449594
699.160535117  0.00336757792741
699.27090301  0.00228508627499
699.381270903  0.00165101984112
699.491638796  0.00128943663584
699.602006689  0.00108870201298
699.712374582  0.000990863577898
699.822742475  0.000969080249281
699.933110368  0.00101574300151
700.043478261  0.00113888998102
700.153846154  0.00136523913842
700.264214047  0.00175134570746
700.37458194  0.00240711027666
700.484949833  0.00352667145058
700.595317726  0.00531691316119
700.705685619  0.00730086268221
700.816053512  0.00745665091037
700.926421405  0.00555406473595
701.036789298  0.0036683760912
701.147157191  0.0024558498421
701.257525084  0.00173303473515
701.367892977  0.00129350886329
701.47826087  0.00101609517142
701.588628763  0.000835560867569
701.698996656  0.000716510371717
701.809364548  0.000639357851774
701.919732441  0.000593359861101
702.030100334  0.000573250516491
702.140468227  0.000577811558735
702.25083612  0.000609722218566
702.361204013  0.000676669496128
702.471571906  0.000794330648877
702.581939799  0.000992779296492
702.692307692  0.00132895060675
702.802675585  0.00190380499373
702.913043478  0.00283418014252
703.023411371  0.00391806370447
703.133779264  0.00410577379714
703.244147157  0.00312392044608
703.35451505  0.00208443355586
703.464882943  0.00140453161094
703.575250836  0.000996918181862
703.685618729  0.000747426161355
703.795986622  0.000587800902463
703.906354515  0.000481069226272
704.016722408  0.000406954880666
704.127090301  0.000353899688922
704.237458194  0.000315027755737
704.347826087  0.000286082017717
704.45819398  0.000264332597252
704.568561873  0.000247976197171
704.678929766  0.000235792820991
704.789297659  0.000226942627175
704.899665552  0.000220842004314
705.010033445  0.000217086059627
705.120401338  0.000215399260632
705.230769231  0.000215603773644
705.341137124  0.00021759938115
705.451505017  0.000221351365319
705.56187291  0.000226884259415
705.672240803  0.000234280346644
705.782608696  0.000243682486321
705.892976589  0.000255301434869
706.003344482  0.000269428430117
706.113712375  0.000286454548564
706.224080268  0.0003068993928
706.334448161  0.000331453280635
706.444816054  0.000361039737758
706.555183946  0.000396909562875
706.665551839  0.000440785602289
706.775919732  0.000495091731137
706.886287625  0.000563326721246
706.996655518  0.000650697066249
707.107023411  0.000765231400604
707.217391304  0.000919825296884
707.327759197  0.00113613095261
707.43812709  0.00145203564235
707.548494983  0.00193479177131
707.658862876  0.00269201019588
707.769230769  0.00380283657833
707.879598662  0.00501978903508
707.989966555  0.00599207225354
708.100334448  0.00676057854876
708.210702341  0.00657884030843
708.321070234  0.00574956291372
708.431438127  0.00549321348651
708.54180602  0.00626443072599
708.652173913  0.00834179315944
708.762541806  0.0119257490473
708.872909699  0.0153822915756
708.983277592  0.014521595279
709.093645485  0.0103531902671
709.204013378  0.00677958272404
709.314381271  0.00454243183576
709.424749164  0.00319900665315
709.535117057  0.00236780184062
709.64548495  0.00183219906078
709.755852843  0.00147590056883
709.866220736  0.00123614701432
709.976588629  0.00107976123211
710.086956522  0.000992382150735
710.197324415  0.000975431592097
710.307692308  0.00104752878478
710.418060201  0.00123608930576
710.528428094  0.0014880689423
710.638795987  0.00151184249388
710.74916388  0.00120440263061
710.859531773  0.000875102081621
710.969899666  0.000651373796684
711.080267559  0.000509870111091
711.190635452  0.000417206126865
711.301003344  0.000353081682672
711.411371237  0.000306349471825
711.52173913  0.000270791009523
711.632107023  0.000242781317393
711.742474916  0.000220102004188
711.852842809  0.000201331437623
711.963210702  0.000185519965477
712.073578595  0.000172009567142
712.183946488  0.000160329480956
712.294314381  0.000150133414759
712.404682274  0.000141160405958
712.515050167  0.000133209622751
712.62541806  0.000126123659477
712.735785953  0.000119777166248
712.846153846  0.000114068922344
712.956521739  0.000108916189693
713.066889632  0.000104250611231
713.177257525  0.00010001517832
713.287625418  9.61619523884e-05
713.397993311  9.26503282376e-05
713.508361204  8.94456927124e-05
713.618729097  8.65183763536e-05
713.72909699  8.38428251667e-05
713.839464883  8.13969399112e-05
713.949832776  7.91615444039e-05
714.060200669  7.71199542953e-05
714.170568562  7.52576249115e-05
714.280936455  7.3561861935e-05
714.391304348  7.20215825007e-05
714.501672241  7.06271171125e-05
714.612040134  6.9370044911e-05
714.722408027  6.82430564375e-05
714.83277592  6.72398392766e-05
714.943143813  6.63549829218e-05
715.053511706  6.55838999621e-05
715.163879599  6.49227612823e-05
715.274247492  6.43684434493e-05
715.384615385  6.39184868474e-05
715.494983278  6.35710634435e-05
715.605351171  6.33249533383e-05
715.715719064  6.31795294883e-05
715.826086957  6.31347501918e-05
715.936454849  6.31911591188e-05
716.046822742  6.33498928407e-05
716.157190635  6.36126959886e-05
716.267558528  6.39819443431e-05
716.377926421  6.4460676343e-05
716.488294314  6.50526336973e-05
716.598662207  6.57623120065e-05
716.7090301  6.65950225521e-05
716.819397993  6.75569667053e-05
716.929765886  6.86553247507e-05
717.040133779  6.98983613371e-05
717.150501672  7.12955502638e-05
717.260869565  7.28577219197e-05
717.371237458  7.45972374432e-05
717.481605351  7.65281945906e-05
717.591973244  7.86666714562e-05
717.702341137  8.10310156267e-05
717.81270903  8.36421881703e-05
717.923076923  8.65241741676e-05
718.033444816  8.9704474429e-05
718.143812709  9.3214696824e-05
718.254180602  9.70912705246e-05
718.364548495  0.000101376312823
718.474916388  0.000106118686507
718.585284281  0.000111375296787
718.695652174  0.000117212691392
718.806020067  0.000123709047135
718.91638796  0.000130956652858
719.026755853  0.000139065035062
719.137123746  0.000148164922804
719.247491639  0.000158413318567
719.357859532  0.00017000004078
719.468227425  0.000183156245092
719.578595318  0.000198165636045
719.688963211  0.000215379380978
719.799331104  0.000235236184922
719.909698997  0.000258289661548
720.02006689  0.000285246176382
720.130434783  0.000317017971623
720.240802676  0.000354798996003
720.351170569  0.000400175140706
720.461538462  0.000455287751507
720.571906355  0.000523081620096
720.682274247  0.000607690483019
720.79264214  0.000715052886081
720.903010033  0.00085392639457
721.013377926  0.00103761483094
721.123745819  0.00128701993209
721.234113712  0.00163624821382
721.344481605  0.00214332058335
721.454849498  0.00291126132862
721.565217391  0.00412948993351
721.675585284  0.00614462840648
721.785953177  0.00948969566192
721.89632107  0.0142539853526
722.006688963  0.017502348894
722.117056856  0.0150746251366
722.227424749  0.0102303410872
722.337792642  0.00660814009702
722.448160535  0.00440515671288
722.558528428  0.00307988858539
722.668896321  0.00225098357886
722.779264214  0.00170778055684
722.889632107  0.0013361088049
723.0  0.00107211859895
