687.0  0.000227448402796
687.08361204  0.00023819234852
687.16722408  0.000249757905603
687.25083612  0.000262233012145
687.334448161  0.000275717852451
687.418060201  0.000290326981166
687.501672241  0.000306191893122
687.585284281  0.000323464149699
687.668896321  0.000342319204624
687.752508361  0.000362961114996
687.836120401  0.000385628380973
687.919732441  0.000410601235925
688.003344482  0.000438210816327
688.086956522  0.000468850789688
688.170568562  0.000502992227818
688.254180602  0.000541202809329
688.337792642  0.000584171861708
688.421404682  0.000632743375003
688.505016722  0.000687960038978
688.588628763  0.000751122738558
688.672240803  0.000823872057704
688.755852843  0.000908301637866
688.839464883  0.0010071184765
688.923076923  0.00112387375999
689.006688963  0.00126330196545
689.090301003  0.00143183004468
689.173913043  0.00163836056983
689.257525084  0.00189550815023
689.341137124  0.00222160710216
689.424749164  0.00264406852897
689.508361204  0.00320515678296
689.591973244  0.00397215972739
689.675585284  0.00505537138734
689.759197324  0.00663821448513
689.842809365  0.0090149972065
689.926421405  0.0125634160582
690.010033445  0.0172976828115
690.093645485  0.0215239379847
690.177257525  0.0224326611802
690.260869565  0.0212263077243
690.344481605  0.0214465080452
690.428093645  0.0243510232867
690.511705686  0.0280548335176
690.595317726  0.0277447041623
690.678929766  0.0224320043567
690.762541806  0.0164526771969
690.846153846  0.012149116719
690.929765886  0.00951444553968
691.013377926  0.0081069073576
691.096989967  0.00765230235523
691.180602007  0.00808112142619
691.264214047  0.0093666333889
691.347826087  0.010947474868
691.431438127  0.0111718360011
691.515050167  0.00934596772222
691.598662207  0.00700183899637
691.682274247  0.00519768070133
691.765886288  0.0039989518165
691.849498328  0.00322614339658
691.933110368  0.0027332459912
692.016722408  0.00243454358012
692.100334448  0.00228916438803
692.183946488  0.00229015868971
692.267558528  0.00246243087335
692.351170569  0.00286223509262
692.434782609  0.0035389247046
692.518394649  0.00433462016098
692.602006689  0.00461082301663
692.685618729  0.00397104297346
692.769230769  0.00300949277693
692.852842809  0.00223668056894
692.936454849  0.00171284779642
693.02006689  0.0013655263967
693.10367893  0.00112938100336
693.18729097  0.000962871869706
693.27090301  0.000841208081153
693.35451505  0.000749501802867
693.43812709  0.000678566650526
693.52173913  0.000622547846453
693.605351171  0.0005775929522
693.688963211  0.00054109175753
693.772575251  0.000511229599737
693.856187291  0.00048671715955
693.939799331  0.000466622385215
694.023411371  0.000450263241251
694.107023411  0.000437137733075
694.190635452  0.000426877430488
694.274247492  0.000419216234737
694.357859532  0.000413969340107
694.441471572  0.000411019256123
694.525083612  0.000410306936503
694.608695652  0.000411826816269
694.692307692  0.000415625067741
694.775919732  0.000421800757266
694.859531773  0.000430509887087
694.943143813  0.000441972591537
695.026755853  0.000456484067748
695.110367893  0.000474430205981
695.193979933  0.000496309404561
695.277591973  0.00052276279805
695.361204013  0.000554616232265
695.444816054  0.000592939008889
695.528428094  0.000639127066835
695.612040134  0.000695022501433
695.695652174  0.000763088255456
695.779264214  0.000846668435843
695.862876254  0.000950384664391
695.946488294  0.00108075401349
696.030100334  0.00124717757092
696.113712375  0.00146356622051
696.197324415  0.00175109218845
696.280936455  0.00214297716345
696.364548495  0.00269301043103
696.448160535  0.00349076046208
696.531772575  0.00468735369993
696.615384615  0.00652865874612
696.698996656  0.0093356623224
696.782608696  0.0131244842803
696.866220736  0.016348806818
696.949832776  0.0160457271566
697.033444816  0.0126455803635
697.117056856  0.00914276160548
697.200668896  0.00671787460401
697.284280936  0.0052589175793
697.367892977  0.00448223424893
697.451505017  0.00421616444396
697.535117057  0.00441244766151
697.618729097  0.00510987473163
697.702341137  0.00629565742001
697.785953177  0.0074993636038
697.869565217  0.00783096579949
697.953177258  0.00749224884418
698.036789298  0.00736119134222
698.120401338  0.00718718247039
698.204013378  0.00616981068249
698.287625418  0.00466879975445
698.371237458  0.00340609895192
698.454849498  0.00253441876741
698.538461538  0.00195571505813
698.622073579  0.00156613263546
698.705685619  0.00129762848906
698.789297659  0.00110997816989
698.872909699  0.000980512794133
698.956521739  0.000898009928413
699.040133779  0.0008598362848
699.123745819  0.000869706126711
699.20735786  0.000927188944126
699.2909699  0.000989987114808
699.37458194  0.00095757341138
699.45819398  0.000815967922174
699.54180602  0.000661573602321
699.62541806  0.000543537071717
699.7090301  0.000460378311713
699.79264214  0.000401014105018
699.876254181  0.000356975838579
699.959866221  0.000322980691969
700.043478261  0.000295821297888
700.127090301  0.000273508974166
700.210702341  0.000254766456909
700.294314381  0.000238741757237
700.377926421  0.000224845622719
700.461538462  0.000212656853303
700.545150502  0.000201865406847
700.628762542  0.000192237100241
700.712374582  0.0001835910199
700.795986622  0.000175784638092
700.879598662  0.000168703737904
700.963210702  0.000162255421762
701.046822742  0.00015636314825
701.130434783  0.000150963135014
701.214046823  0.00014600170211
701.297658863  0.000141433275981
701.381270903  0.000137218866227
701.464882943  0.00013332488663
701.548494983  0.000129722230804
701.632107023  0.000126385538988
701.715719064  0.000123292610229
701.799331104  0.000120423926567
701.882943144  0.000117762264476
701.966555184  0.000115292375016
702.050167224  0.000113000718617
702.133779264  0.00011087524371
702.217391304  0.000108905200841
702.301003344  0.00010708098572
702.384615385  0.000105394006066
702.468227425  0.000103836568125
702.551839465  0.000102401779586
702.635451505  0.000101083466242
702.719063545  9.98761002454e-05
702.802675585  9.87747381919e-05
702.886287625  9.77749675984e-05
702.969899666  9.68728605809e-05
703.053511706  9.60649337462e-05
703.137123746  9.53481134796e-05
703.220735786  9.47197059445e-05
703.304347826  9.41773712245e-05
703.387959866  9.37191011301e-05
703.471571906  9.3343200273e-05
703.555183946  9.30482700745e-05
703.638795987  9.28331954316e-05
703.722408027  9.26971338131e-05
703.806020067  9.26395065988e-05
703.889632107  9.26599925116e-05
703.973244147  9.27585230245e-05
704.056856187  9.29352796549e-05
704.140468227  9.31906930832e-05
704.224080268  9.35254440593e-05
704.307692308  9.39404660835e-05
704.391304348  9.4436949871e-05
704.474916388  9.50163496318e-05
704.558528428  9.56803912218e-05
704.642140468  9.64310822414e-05
704.725752508  9.72707241865e-05
704.809364548  9.8201926779e-05
704.892976589  9.92276246357e-05
704.976588629  0.000100351096462
705.060200669  0.000101575986994
705.143812709  0.000102906331952
705.227424749  0.000104346586305
705.311036789  0.0001059016562
705.394648829  0.000107576934976
705.47826087  0.000109378343715
705.56187291  0.000111312376906
705.64548495  0.000113386153827
705.72909699  0.000115607476399
705.81270903  0.000117984894359
705.89632107  0.000120527778731
705.97993311  0.000123246404745
706.063545151  0.000126152045551
706.147157191  0.000129257078265
706.230769231  0.000132575104192
706.314381271  0.00013612108535
706.397993311  0.000139911499813
706.481605351  0.000143964518829
706.565217391  0.000148300209229
706.648829431  0.000152940765262
706.732441472  0.000157910774805
706.816053512  0.000163237525838
706.899665552  0.000168951360253
706.983277592  0.000175086083461
707.066889632  0.000181679440062
707.150501672  0.000188773667948
707.234113712  0.000196416145941
707.317725753  0.000204660153375
707.401337793  0.000213565764221
707.484949833  0.00022320090361
707.568561873  0.000233642601282
707.652173913  0.0002449784849
707.735785953  0.00025730856706
707.819397993  0.000270747393702
707.903010033  0.000285426639728
707.986622074  0.00030149826115
708.070234114  0.000319138344064
708.153846154  0.000338551831676
708.237458194  0.000359978365262
708.321070234  0.000383699548488
708.404682274  0.000410048044256
708.488294314  0.000439419050075
708.571906355  0.000472284887136
708.655518395  0.000509213703032
708.739130435  0.000550893662491
708.822742475  0.000598164536578
708.906354515  0.000652059378213
708.989966555  0.000713860114767
709.073578595  0.000785172593617
709.157190635  0.000868029200911
709.240802676  0.000965031157401
709.324414716  0.00107954884835
709.408026756  0.00121600855316
709.491638796  0.0013803102987
709.575250836  0.00158044889987
709.658862876  0.00182745704163
709.742474916  0.00213687135068
709.826086957  0.00253107014627
709.909698997  0.00304310407278
709.993311037  0.00372315410301
710.076923077  0.00464972836511
710.160535117  0.0059495365892
710.244147157  0.00783306619979
710.327759197  0.0106559346949
710.411371237  0.0150050898367
710.494983278  0.0217012410764
710.578595318  0.0310886062745
710.662207358  0.0401444190214
710.745819398  0.0411242271255
710.829431438  0.0329097356208
710.913043478  0.0231934723587
710.996655518  0.0160004815223
711.080267559  0.0112964131133
711.163879599  0.00825225456278
711.247491639  0.0062325527259
711.331103679  0.00484704291315
711.414715719  0.00386476792318
711.498327759  0.00314729667811
711.581939799  0.00260932608139
711.665551839  0.00219663196434
711.74916388  0.00187368542585
711.83277592  0.001616543783
711.91638796  0.00140865520119
712.0  0.00123831114395
