#    time[fs]         Re(autocorrel)     Im(autocorrel)     Abs(autocorrel)
     0.00000000       1.00000000000000   0.00000000000000   1.00000000000000
     2.00000000       0.00484062127895  -0.02306214547857   0.02356468052915
     4.00000000      -0.00002164886427   0.00001484967102   0.00002625235330
     6.00000000       0.00000000018731  -0.00000000031797   0.00000000036904
     8.00000000       0.00000000000000  -0.00000000000000   0.00000000000000
     10.0000000      -0.00000000000000  -0.00000000000000   0.00000000000000
     12.0000000       0.00000000000000   0.00000000000000   0.00000000000000
     14.0000000       0.00000000000000   0.00000000000000   0.00000000000000
     16.0000000      -0.00000000000000  -0.00000000000000   0.00000000000000
     18.0000000       0.00000000000000   0.00000000000000   0.00000000000000
     20.0000000       0.00000000000000  -0.00000000000000   0.00000000000000
     22.0000000      -0.00000000000000  -0.00000000000000   0.00000000000000
     24.0000000       0.00000000000000   0.00000000000000   0.00000000000000
     26.0000000      -0.00000000000000  -0.00000000000000   0.00000000000000
     28.0000000       0.00000000000000   0.00000000000000   0.00000000000000
     30.0000000      -0.00000000000000  -0.00000000000000   0.00000000000000
     32.0000000       0.00000000000000  -0.00000000000000   0.00000000000000
     34.0000000      -0.00000000000000  -0.00000000000000   0.00000000000000
     36.0000000      -0.00000000000000   0.00000000000000   0.00000000000000
     38.0000000       0.00000000000000   0.00000000000000   0.00000000000000
     40.0000000       0.00000000000000   0.00000000000000   0.00000000000000
     42.0000000      -0.00000000000000   0.00000000000000   0.00000000000000
     44.0000000       0.00000000000000   0.00000000000000   0.00000000000000
     46.0000000      -0.00000000000000   0.00000000000000   0.00000000000000
     48.0000000       0.00000000000000  -0.00000000000000   0.00000000000000
     50.0000000      -0.00000000000000   0.00000000000000   0.00000000000000
     52.0000000       0.00000000000000   0.00000000000000   0.00000000000000
     54.0000000      -0.00000000000000   0.00000000000000   0.00000000000000
     56.0000000      -0.00000000000000  -0.00000000000000   0.00000000000000
     58.0000000       0.00000000000000   0.00000000000000   0.00000000000000
     60.0000000      -0.00000000000000  -0.00000000000000   0.00000000000000
     62.0000000       0.00000000000000  -0.00000000000000   0.00000000000000
     64.0000000      -0.00000000000000   0.00000000000000   0.00000000000000
     66.0000000      -0.00000000000000  -0.00000000000000   0.00000000000000
     68.0000000      -0.00000000000000  -0.00000000000000   0.00000000000000
     70.0000000      -0.00000000000000   0.00000000000000   0.00000000000000
     72.0000000       0.00000000000000  -0.00000000000000   0.00000000000000
     74.0000000      -0.00000000000000   0.00000000000000   0.00000000000000
     76.0000000      -0.00000000000000   0.00000000000000   0.00000000000000
     78.0000000      -0.00000000000000   0.00000000000000   0.00000000000000
     80.0000000      -0.00000000000000   0.00000000000000   0.00000000000000
     82.0000000      -0.00000000000000   0.00000000000000   0.00000000000000
     84.0000000      -0.00000000000000  -0.00000000000000   0.00000000000000
     86.0000000       0.00000000000000   0.00000000000000   0.00000000000000
     88.0000000       0.00000000000000  -0.00000000000000   0.00000000000000
     90.0000000      -0.00000000000000   0.00000000000000   0.00000000000000
     92.0000000      -0.00000000000000  -0.00000000000000   0.00000000000000
     94.0000000       0.00000000000000  -0.00000000000000   0.00000000000000
     96.0000000      -0.00000000000000  -0.00000000000000   0.00000000000000
     98.0000000       0.00000000000000  -0.00000000000000   0.00000000000000
     100.000000       0.00000000000000   0.00000000000000   0.00000000000000
     102.000000       0.00000000000000   0.00000000000000   0.00000000000000
     104.000000       0.00000000000000   0.00000000000000   0.00000000000000
     106.000000      -0.00000000000000  -0.00000000000000   0.00000000000000
     108.000000       0.00000000000000   0.00000000000000   0.00000000000000
