#    Start: ------ Host: "tp-linux1" ----------Thu Mar  2 14:20:12 2017

#    Time[fs]   CPU-time[s]     Delta-CPU    Real time        RealT[s]     [h]
#        0.00           0.1                  Mar  2 14:20:12         0     0.0
         1.00           1.8         1.760    Mar  2 14:20:13         1     0.0
         2.00           2.5         0.700    Mar  2 14:20:14         2     0.0
         3.00           3.4         0.850    Mar  2 14:20:15         3     0.0
         4.00           4.0         0.590    Mar  2 14:20:16         4     0.0
         5.00           4.9         0.890    Mar  2 14:20:16         4     0.0
         6.00           5.6         0.690    Mar  2 14:20:17         5     0.0
         7.00           6.1         0.560    Mar  2 14:20:18         6     0.0
         8.00           6.7         0.590    Mar  2 14:20:18         6     0.0
         9.00           7.3         0.640    Mar  2 14:20:19         7     0.0
        10.00           8.0         0.690    Mar  2 14:20:20         8     0.0
        11.00           8.8         0.730    Mar  2 14:20:20         8     0.0
        12.00           9.5         0.720    Mar  2 14:20:21         9     0.0
        13.00          10.2         0.730    Mar  2 14:20:22        10     0.0
        14.00          10.9         0.680    Mar  2 14:20:22        10     0.0
        15.00          11.5         0.650    Mar  2 14:20:23        11     0.0
        16.00          12.1         0.550    Mar  2 14:20:24        12     0.0
        17.00          12.6         0.520    Mar  2 14:20:24        12     0.0
        18.00          13.0         0.430    Mar  2 14:20:25        13     0.0
        19.00          13.4         0.390    Mar  2 14:20:25        13     0.0
        20.00          13.8         0.390    Mar  2 14:20:25        13     0.0
        21.00          14.3         0.430    Mar  2 14:20:26        14     0.0
        22.00          14.7         0.470    Mar  2 14:20:26        14     0.0
        23.00          15.5         0.730    Mar  2 14:20:34        22     0.0
        24.00          16.2         0.750    Mar  2 14:20:35        23     0.0
        25.00          16.9         0.730    Mar  2 14:20:35        23     0.0
        26.00          17.9         0.940    Mar  2 14:20:52        40     0.0
        27.00          18.8         0.880    Mar  2 14:20:53        41     0.0
        28.00          19.8         1.040    Mar  2 14:20:59        47     0.0
        29.00          20.7         0.910    Mar  2 14:21:00        48     0.0
        30.00          21.9         1.180    Mar  2 14:21:17        65     0.0
        31.00          22.9         1.010    Mar  2 14:21:18        66     0.0
        32.00          24.0         1.140    Mar  2 14:21:24        72     0.0
        33.00          25.0         0.960    Mar  2 14:21:25        73     0.0
        34.00          26.2         1.180    Mar  2 14:21:31        79     0.0
        35.00          26.9         0.700    Mar  2 14:21:32        80     0.0
        36.00          27.8         0.970    Mar  2 14:21:37        85     0.0
        37.00          28.4         0.520    Mar  2 14:21:38        86     0.0
        38.00          29.4         1.000    Mar  2 14:21:45        93     0.0
        39.00          29.8         0.460    Mar  2 14:21:46        94     0.0
        40.00          30.7         0.830    Mar  2 14:21:52       100     0.0
        41.00          31.8         1.160    Mar  2 14:23:56       224     0.1
        42.00          32.8         1.010    Mar  2 14:24:28       256     0.1
        43.00          33.7         0.910    Mar  2 14:24:34       262     0.1
        44.00          35.1         1.330    Mar  2 14:26:43       391     0.1
        45.00          36.1         1.030    Mar  2 14:26:50       398     0.1
        46.00          37.8         1.720    Mar  2 14:27:35       443     0.1
        47.00          39.1         1.280    Mar  2 14:28:18       486     0.1
        48.00          40.4         1.260    Mar  2 14:28:38       506     0.1
        49.00          41.6         1.210    Mar  2 14:28:44       512     0.1
        50.00          43.1         1.570    Mar  2 14:29:17       545     0.2
        51.00          44.6         1.480    Mar  2 14:30:06       594     0.2
        52.00          46.0         1.370    Mar  2 14:31:04       652     0.2
        53.00          47.7         1.730    Mar  2 14:34:51       879     0.2
        54.00          48.9         1.130    Mar  2 14:35:03       891     0.2
