Time in fs:      0.00000
Complete equation: Runge-Kutta order 5
   Step        Accepted?    Stepsize [fs]      Error (scaled)       Time [fs]
      1            1        0.113715E-02       0.825318E-08             0.000
      2            1        0.909724E-02       0.414886E-05             0.001
      3            1        0.465698E-01       0.130134E-01             0.010
      4            0        0.454948E-01       0.310759E+04             0.057
      5            0        0.113737E-01       0.246408E+01             0.057
      6            1        0.878138E-02       0.756569E+00             0.057
      7            1        0.696589E-02       0.348388E+00             0.066
      8            1        0.556267E-02       0.795326E-01             0.073
      9            1        0.738101E-02       0.129959E+00             0.078
     10            1        0.849246E-02       0.886843E-01             0.085
     11            1        0.106339E-01       0.343464E+00             0.094
     12            1        0.781290E-02       0.106917E+00             0.105
     13            1        0.985262E-02       0.261364E+00             0.112
     14            1        0.101865E-01       0.117612E+00             0.122
     15            1        0.125020E-01       0.263734E+00             0.132
     16            1        0.971635E-02       0.361814E-01             0.145
     17            1        0.145764E-01       0.105734E+00             0.155
     18            1        0.168312E-01       0.943814E-01             0.169
     19            1        0.206822E-01       0.138105E+00             0.186
     20            1        0.237136E-01       0.162659E+00             0.207
     21            1        0.268492E-01       0.138978E+00             0.230
     22            1        0.314286E-01       0.198666E+00             0.257
     23            1        0.344036E-01       0.235412E+00             0.289
     24            1        0.371159E-01       0.211632E+00             0.323
     25            1        0.410513E-01       0.210876E+00             0.360
     26            1        0.452385E-01       0.169517E+00             0.401
     27            1        0.517304E-01       0.219356E+00             0.447
     28            1        0.561257E-01       0.531417E+00             0.498
     29            1        0.529329E-01       0.387956E+00             0.554
     30            1        0.545623E-01       0.266369E+00             0.607
     31            1        0.592045E-01       0.207561E+00             0.662
     32            1        0.660240E-01       0.183191E+00             0.721
     33            1        0.744623E-01       0.233992E+00             0.787
     34            1        0.801551E-01       0.420806E+00             0.862
     35            1        0.582204E-01       0.108661E+00             0.942
Time in fs:      1.00000
Complete equation: Runge-Kutta order 5
   Step        Accepted?    Stepsize [fs]      Error (scaled)       Time [fs]
      1            1        0.788583E-01       0.570732E+00             1.000
      2            1        0.755818E-01       0.383467E+00             1.079
      3            0        0.782859E-01       0.126415E+01             1.154
      4            1        0.677049E-01       0.636945E+00             1.154
      5            1        0.633161E-01       0.600144E+00             1.222
      6            1        0.610404E-01       0.364531E+00             1.285
      7            1        0.638992E-01       0.221773E+00             1.347
      8            1        0.713515E-01       0.173419E+00             1.410
      9            1        0.814396E-01       0.238124E+00             1.482
     10            1        0.872138E-01       0.331207E+00             1.563
     11            1        0.894300E-01       0.916359E+00             1.650
     12            1        0.781589E-01       0.587719E+00             1.740
     13            1        0.767264E-01       0.420370E+00             1.818
     14            1        0.783315E-01       0.255444E+00             1.895
     15            1        0.269475E-01       0.191959E-02             1.973
Time in fs:      2.00000
Complete equation: Runge-Kutta order 5
   Step        Accepted?    Stepsize [fs]      Error (scaled)       Time [fs]
      1            1        0.858785E-01       0.533858E+00             2.000
      2            1        0.832502E-01       0.297742E+00             2.086
      3            0        0.897784E-01       0.233711E+01             2.169
      4            1        0.699421E-01       0.595858E+00             2.169
      5            1        0.654878E-01       0.649825E+00             2.239
      6            1        0.621203E-01       0.544961E+00             2.305
      7            0        0.609264E-01       0.106704E+01             2.367
      8            1        0.542323E-01       0.600394E+00             2.367
      9            1        0.519542E-01       0.649797E+00             2.421
     10            1        0.492979E-01       0.410968E+00             2.473
     11            1        0.507265E-01       0.258570E+00             2.522
     12            1        0.554487E-01       0.188984E+00             2.573
     13            1        0.627545E-01       0.183986E+00             2.628
     14            1        0.704581E-01       0.292806E+00             2.691
     15            1        0.730208E-01       0.753826E+00             2.762
     16            1        0.656472E-01       0.796054E+00             2.835
     17            1        0.607280E-01       0.233374E+00             2.900
     18            1        0.390529E-01       0.976807E-01             2.961
Time in fs:      3.00000
Complete equation: Runge-Kutta order 5
   Step        Accepted?    Stepsize [fs]      Error (scaled)       Time [fs]
      1            0        0.693586E-01       0.281932E+01             3.000
      2            1        0.523382E-01       0.708430E+00             3.000
      3            1        0.483539E-01       0.704226E+00             3.052
      4            1        0.455590E-01       0.540259E+00             3.101
      5            1        0.448935E-01       0.362792E+00             3.146
      6            1        0.468369E-01       0.238818E+00             3.191
      7            1        0.516351E-01       0.158535E+00             3.238
      8            1        0.600191E-01       0.110095E+00             3.290
      9            1        0.730191E-01       0.904280E-01             3.350
     10            1        0.905270E-01       0.864816E-01             3.423
     11            1        0.112201E+00       0.855767E-01             3.513
     12            1        0.139064E+00       0.170980E+00             3.625
     13            1        0.153162E+00       0.326381E+00             3.764
     14            1        0.823916E-01       0.196750E-01             3.918
Time in fs:      4.00000
Complete equation: Runge-Kutta order 5
   Step        Accepted?    Stepsize [fs]      Error (scaled)       Time [fs]
      1            1        0.155374E+00       0.613880E+00             4.000
      2            1        0.147085E+00       0.612466E+00             4.155
      3            1        0.141101E+00       0.707421E+00             4.302
      4            0        0.132072E+00       0.113030E+01             4.444
      5            1        0.116415E+00       0.570159E+00             4.444
      6            0        0.113689E+00       0.145748E+01             4.560
      7            1        0.959731E-01       0.584892E+00             4.560
      8            0        0.925186E-01       0.156593E+01             4.656
      9            1        0.771543E-01       0.586944E+00             4.656
     10            0        0.744088E-01       0.202689E+01             4.733
     11            1        0.593890E-01       0.568577E+00             4.733
     12            0        0.575941E-01       0.256626E+01             4.792
     13            1        0.441611E-01       0.550992E+00             4.792
     14            0        0.430010E-01       0.228645E+01             4.837
     15            1        0.336251E-01       0.584031E+00             4.837
     16            0        0.323786E-01       0.151318E+01             4.870
     17            1        0.271593E-01       0.619450E+00             4.870
     18            1        0.259524E-01       0.708372E+00             4.897
     19            1        0.242972E-01       0.317633E+00             4.923
     20            1        0.262109E-01       0.361326E+00             4.948
     21            1        0.261036E-01       0.159333E+00             4.974
Time in fs:      5.00000
Complete equation: Runge-Kutta order 5
   Step        Accepted?    Stepsize [fs]      Error (scaled)       Time [fs]
      1            1        0.267891E-01       0.567643E-01             5.000
      2            1        0.380127E-01       0.101159E+00             5.027
      3            1        0.450281E-01       0.897733E-01             5.065
      4            1        0.557046E-01       0.173469E+00             5.110
      5            1        0.613185E-01       0.231612E+00             5.166
      6            1        0.659772E-01       0.298084E+00             5.227
      7            1        0.688001E-01       0.339775E+00             5.293
      8            1        0.708765E-01       0.368127E+00             5.362
      9            1        0.724058E-01       0.382209E+00             5.433
     10            1        0.737334E-01       0.389124E+00             5.505
     11            1        0.749694E-01       0.392016E+00             5.579
     12            1        0.761848E-01       0.393723E+00             5.654
     13            1        0.773857E-01       0.395530E+00             5.730
     14            1        0.785580E-01       0.398276E+00             5.807
     15            1        0.796689E-01       0.402397E+00             5.886
     16            1        0.345873E-01       0.573832E-02             5.965
Time in fs:      6.00000
Complete equation: Runge-Kutta order 5
   Step        Accepted?    Stepsize [fs]      Error (scaled)       Time [fs]
      1            1        0.806765E-01       0.405947E+00             6.000
      2            1        0.819352E-01       0.425714E+00             6.081
      3            1        0.822435E-01       0.426643E+00             6.163
      4            1        0.826795E-01       0.436722E+00             6.245
      5            1        0.827958E-01       0.443493E+00             6.328
      6            1        0.827729E-01       0.450976E+00             6.410
      7            1        0.825658E-01       0.457220E+00             6.493
      8            1        0.822219E-01       0.462808E+00             6.576
      9            1        0.817555E-01       0.467487E+00             6.658
     10            1        0.811923E-01       0.471326E+00             6.740
     11            1        0.805533E-01       0.474283E+00             6.821
     12            1        0.798606E-01       0.476377E+00             6.901
     13            1        0.187472E-01       0.350751E-03             6.981
Time in fs:      7.00000
Complete equation: Runge-Kutta order 5
   Step        Accepted?    Stepsize [fs]      Error (scaled)       Time [fs]
      1            1        0.791343E-01       0.482190E+00             7.000
      2            1        0.780514E-01       0.472172E+00             7.079
      3            1        0.775095E-01       0.477857E+00             7.157
      4            1        0.767504E-01       0.475988E+00             7.235
      5            1        0.760858E-01       0.475998E+00             7.311
      6            1        0.754149E-01       0.474706E+00             7.388
      7            1        0.747846E-01       0.473539E+00             7.463
      8            1        0.741824E-01       0.472085E+00             7.538
      9            1        0.736163E-01       0.470573E+00             7.612
     10            1        0.730855E-01       0.468966E+00             7.686
     11            1        0.725913E-01       0.467315E+00             7.759
     12            1        0.721338E-01       0.465634E+00             7.831
     13            1        0.717131E-01       0.463969E+00             7.903
     14            1        0.249467E-01       0.238795E-02             7.975
Time in fs:      8.00000
Complete equation: Runge-Kutta order 5
   Step        Accepted?    Stepsize [fs]      Error (scaled)       Time [fs]
      1            1        0.713279E-01       0.464795E+00             8.000
      2            1        0.707927E-01       0.457223E+00             8.071
      3            1        0.705829E-01       0.459713E+00             8.142
      4            1        0.702626E-01       0.458388E+00             8.213
      5            1        0.699933E-01       0.458692E+00             8.283
      6            1        0.697092E-01       0.458553E+00             8.353
      7            1        0.694316E-01       0.458671E+00             8.423
      8            1        0.691513E-01       0.458701E+00             8.492
      9            1        0.688720E-01       0.458714E+00             8.561
     10            1        0.685937E-01       0.458651E+00             8.630
     11            1        0.683182E-01       0.458529E+00             8.699
     12            1        0.680465E-01       0.458356E+00             8.767
     13            1        0.677795E-01       0.458166E+00             8.835
     14            1        0.675174E-01       0.457999E+00             8.903
     15            1        0.296212E-01       0.753988E-02             8.970
Time in fs:      9.00000
Complete equation: Runge-Kutta order 5
   Step        Accepted?    Stepsize [fs]      Error (scaled)       Time [fs]
      1            1        0.672592E-01       0.461166E+00             9.000
      2            1        0.668435E-01       0.455656E+00             9.067
      3            1        0.666635E-01       0.458216E+00             9.134
      4            1        0.663887E-01       0.457526E+00             9.201
      5            1        0.661468E-01       0.457907E+00             9.267
      6            1        0.658924E-01       0.457743E+00             9.333
      7            1        0.656453E-01       0.457693E+00             9.399
      8            1        0.653993E-01       0.457555E+00             9.465
      9            1        0.651573E-01       0.457435E+00             9.530
     10            1        0.649184E-01       0.457304E+00             9.595
     11            1        0.646827E-01       0.457172E+00             9.660
     12            1        0.644504E-01       0.457028E+00             9.725
     13            1        0.642216E-01       0.456869E+00             9.789
     14            1        0.639966E-01       0.456693E+00             9.854
     15            1        0.637756E-01       0.456501E+00             9.918
     16            1        0.185588E-01       0.976499E-03             9.981
Time in fs:     10.00000
Complete equation: Runge-Kutta order 5
   Step        Accepted?    Stepsize [fs]      Error (scaled)       Time [fs]
      1            1        0.635590E-01       0.458276E+00            10.000
      2            1        0.632337E-01       0.453951E+00            10.064
      3            1        0.630877E-01       0.455877E+00            10.127
      4            1        0.628729E-01       0.455150E+00            10.190
      5            1        0.626864E-01       0.455243E+00            10.253
      6            1        0.624944E-01       0.454908E+00            10.315
      7            1        0.623112E-01       0.454640E+00            10.378
      8            1        0.621329E-01       0.454270E+00            10.440
      9            1        0.619623E-01       0.453878E+00            10.502
     10            1        0.617992E-01       0.453457E+00            10.564
     11            1        0.616442E-01       0.453038E+00            10.626
     12            1        0.614969E-01       0.452630E+00            10.688
     13            1        0.613571E-01       0.452229E+00            10.749
     14            1        0.612246E-01       0.451814E+00            10.811
     15            1        0.610998E-01       0.451356E+00            10.872
     16            1        0.609835E-01       0.450844E+00            10.933
     17            1        0.605430E-02       0.456375E-05            10.994
Time in fs:     11.00000
Complete equation: Runge-Kutta order 5
   Step        Accepted?    Stepsize [fs]      Error (scaled)       Time [fs]
      1            1        0.608767E-01       0.450579E+00            11.000
      2            1        0.607398E-01       0.448496E+00            11.061
      3            1        0.606831E-01       0.448989E+00            11.122
      4            1        0.606039E-01       0.448324E+00            11.182
      5            1        0.605427E-01       0.448013E+00            11.243
      6            1        0.604851E-01       0.447553E+00            11.303
      7            1        0.604365E-01       0.447163E+00            11.364
      8            1        0.603943E-01       0.446781E+00            11.424
      9            1        0.603589E-01       0.446436E+00            11.485
     10            1        0.603293E-01       0.446116E+00            11.545
     11            1        0.603053E-01       0.445816E+00            11.605
     12            1        0.602864E-01       0.445523E+00            11.666
     13            1        0.602726E-01       0.445220E+00            11.726
     14            1        0.602643E-01       0.444885E+00            11.786
     15            1        0.602620E-01       0.444500E+00            11.847
     16            1        0.602667E-01       0.444057E+00            11.907
     17            1        0.328923E-01       0.218844E-01            11.967
Time in fs:     12.00000
Complete equation: Runge-Kutta order 5
   Step        Accepted?    Stepsize [fs]      Error (scaled)       Time [fs]
      1            1        0.602796E-01       0.443374E+00            12.000
      2            1        0.603091E-01       0.442994E+00            12.060
      3            1        0.603404E-01       0.442445E+00            12.121
      4            1        0.603825E-01       0.442158E+00            12.181
      5            1        0.604282E-01       0.441998E+00            12.241
      6            1        0.604761E-01       0.441999E+00            12.302
      7            1        0.605231E-01       0.442070E+00            12.362
      8            1        0.605685E-01       0.442107E+00            12.423
      9            1        0.606135E-01       0.441996E+00            12.483
     10            1        0.606613E-01       0.441665E+00            12.544
     11            1        0.607163E-01       0.441106E+00            12.605
     12            1        0.607826E-01       0.440355E+00            12.665
     13            1        0.608635E-01       0.439455E+00            12.726
     14            1        0.609616E-01       0.438432E+00            12.787
     15            1        0.610790E-01       0.437312E+00            12.848
     16            1        0.612176E-01       0.436139E+00            12.909
     17            1        0.297969E-01       0.118876E-01            12.970
Time in fs:     13.00000
Complete equation: Runge-Kutta order 5
   Step        Accepted?    Stepsize [fs]      Error (scaled)       Time [fs]
      1            1        0.613782E-01       0.431544E+00            13.000
      2            1        0.616912E-01       0.434734E+00            13.061
      3            1        0.618541E-01       0.432089E+00            13.123
      4            1        0.621002E-01       0.431887E+00            13.185
      5            1        0.623369E-01       0.430974E+00            13.247
      6            1        0.625959E-01       0.430500E+00            13.309
      7            1        0.628624E-01       0.429969E+00            13.372
      8            1        0.631405E-01       0.429492E+00            13.435
      9            1        0.634287E-01       0.428949E+00            13.498
     10            1        0.637291E-01       0.428327E+00            13.561
     11            1        0.640434E-01       0.427608E+00            13.625
     12            1        0.643739E-01       0.426814E+00            13.689
     13            1        0.647223E-01       0.425971E+00            13.754
     14            1        0.650896E-01       0.425107E+00            13.818
     15            1        0.654763E-01       0.424242E+00            13.883
     16            1        0.511773E-01       0.120194E+00            13.949
Time in fs:     14.00000
Complete equation: Runge-Kutta order 5
   Step        Accepted?    Stepsize [fs]      Error (scaled)       Time [fs]
      1            1        0.658829E-01       0.412492E+00            14.000
      2            1        0.667291E-01       0.424581E+00            14.066
      3            1        0.670534E-01       0.419599E+00            14.133
      4            1        0.675928E-01       0.420903E+00            14.200
      5            1        0.680683E-01       0.419769E+00            14.267
      6            1        0.685872E-01       0.419600E+00            14.335
      7            1        0.691073E-01       0.419159E+00            14.404
      8            1        0.696427E-01       0.418927E+00            14.473
      9            1        0.701859E-01       0.418681E+00            14.543
     10            1        0.707388E-01       0.418423E+00            14.613
     11            1        0.713019E-01       0.418038E+00            14.684
     12            1        0.718789E-01       0.417459E+00            14.755
     13            1        0.724750E-01       0.416643E+00            14.827
     14            1        0.730963E-01       0.415610E+00            14.899
     15            1        0.276597E-01       0.310593E-02            14.972
Time in fs:     15.00000
Complete equation: Runge-Kutta order 5
   Step        Accepted?    Stepsize [fs]      Error (scaled)       Time [fs]
      1            1        0.737482E-01       0.406732E+00            15.000
      2            1        0.748742E-01       0.417398E+00            15.074
      3            1        0.754143E-01       0.410834E+00            15.149
      4            1        0.762421E-01       0.411407E+00            15.224
      5            1        0.770119E-01       0.409662E+00            15.300
      6            1        0.778501E-01       0.409076E+00            15.377
      7            1        0.787031E-01       0.408240E+00            15.455
      8            1        0.795886E-01       0.407623E+00            15.534
      9            1        0.804982E-01       0.406994E+00            15.613
     10            1        0.814346E-01       0.406410E+00            15.694
     11            1        0.823969E-01       0.405835E+00            15.775
     12            1        0.833859E-01       0.405281E+00            15.858
     13            1        0.588517E-01       0.670957E-01            15.941
Time in fs:     16.00000
Complete equation: Runge-Kutta order 5
   Step        Accepted?    Stepsize [fs]      Error (scaled)       Time [fs]
      1            1        0.844016E-01       0.387434E+00            16.000
      2            1        0.864013E-01       0.409039E+00            16.084
      3            1        0.871547E-01       0.400725E+00            16.171
      4            1        0.884138E-01       0.403658E+00            16.258
      5            1        0.895064E-01       0.402209E+00            16.346
      6            1        0.906943E-01       0.402446E+00            16.436
      7            1        0.918756E-01       0.402150E+00            16.527
      8            1        0.930862E-01       0.402266E+00            16.618
      9            1        0.943053E-01       0.402532E+00            16.712
     10            1        0.955307E-01       0.403106E+00            16.806
     11            1        0.967512E-01       0.403886E+00            16.901
     12            1        0.187896E-02       0.121555E-08            16.998
Time in fs:     17.00000
Complete equation: Runge-Kutta order 5
   Step        Accepted?    Stepsize [fs]      Error (scaled)       Time [fs]
      1            1        0.979606E-01       0.404341E+00            17.000
      2            1        0.995560E-01       0.413219E+00            17.098
      3            1        0.100422E+00       0.406827E+00            17.198
      4            1        0.101653E+00       0.407634E+00            17.298
      5            1        0.102800E+00       0.406427E+00            17.400
      6            1        0.104020E+00       0.406562E+00            17.502
      7            1        0.105237E+00       0.406789E+00            17.606
      8            1        0.106459E+00       0.407631E+00            17.712
      9            1        0.107660E+00       0.408901E+00            17.818
     10            1        0.742312E-01       0.608416E-01            17.926
Time in fs:     18.00000
Complete equation: Runge-Kutta order 5
   Step        Accepted?    Stepsize [fs]      Error (scaled)       Time [fs]
      1            1        0.108826E+00       0.398070E+00            18.000
      2            1        0.110893E+00       0.419200E+00            18.109
      3            1        0.111515E+00       0.415115E+00            18.220
      4            1        0.112560E+00       0.421096E+00            18.331
      5            1        0.113294E+00       0.423558E+00            18.444
      6            1        0.113986E+00       0.427681E+00            18.557
      7            1        0.114520E+00       0.431426E+00            18.671
      8            1        0.114930E+00       0.435516E+00            18.786
      9            1        0.994759E-01       0.210759E+00            18.901
Time in fs:     19.00000
Complete equation: Runge-Kutta order 5
   Step        Accepted?    Stepsize [fs]      Error (scaled)       Time [fs]
      1            1        0.115197E+00       0.441061E+00            19.000
      2            1        0.115356E+00       0.448245E+00            19.115
      3            1        0.115161E+00       0.451352E+00            19.231
      4            1        0.114905E+00       0.456072E+00            19.346
      5            1        0.114479E+00       0.460265E+00            19.461
      6            1        0.113925E+00       0.464798E+00            19.575
      7            1        0.113226E+00       0.469336E+00            19.689
      8            1        0.112390E+00       0.473888E+00            19.802
      9            1        0.853599E-01       0.125114E+00            19.915
Time in fs:     20.00000
Complete equation: Runge-Kutta order 5
   Step        Accepted?    Stepsize [fs]      Error (scaled)       Time [fs]
      1            1        0.111421E+00       0.499452E+00            20.000
      2            1        0.109241E+00       0.480852E+00            20.111
      3            1        0.108299E+00       0.491044E+00            20.221
      4            1        0.106821E+00       0.490184E+00            20.329
      5            1        0.105483E+00       0.493069E+00            20.436
      6            1        0.104051E+00       0.493996E+00            20.541
      7            1        0.102630E+00       0.495174E+00            20.645
      8            1        0.101194E+00       0.495693E+00            20.748
      9            1        0.997704E-01       0.496076E+00            20.849
     10            1        0.510898E-01       0.183893E-01            20.949
Time in fs:     21.00000
Complete equation: Runge-Kutta order 5
   Step        Accepted?    Stepsize [fs]      Error (scaled)       Time [fs]
      1            1        0.983580E-01       0.513768E+00            21.000
      2            1        0.959715E-01       0.487910E+00            21.098
      3            1        0.950162E-01       0.497890E+00            21.194
      4            1        0.935538E-01       0.493795E+00            21.289
      5            1        0.923180E-01       0.494593E+00            21.383
      6            1        0.910434E-01       0.493278E+00            21.475
      7            1        0.898329E-01       0.492618E+00            21.566
      8            1        0.886492E-01       0.491603E+00            21.656
      9            1        0.875071E-01       0.490732E+00            21.745
     10            1        0.863986E-01       0.490090E+00            21.832
     11            1        0.813515E-01       0.385102E+00            21.919
Time in fs:     22.00000
Complete equation: Runge-Kutta order 5
   Step        Accepted?    Stepsize [fs]      Error (scaled)       Time [fs]
      1            1        0.853171E-01       0.517353E+00            22.000
      2            1        0.831487E-01       0.482587E+00            22.085
      3            1        0.824977E-01       0.491484E+00            22.168
      4            1        0.813712E-01       0.485455E+00            22.251
      5            1        0.804875E-01       0.485846E+00            22.332
      6            1        0.795631E-01       0.484402E+00            22.413
      7            1        0.786918E-01       0.484108E+00            22.492
      8            1        0.778287E-01       0.483727E+00            22.571
      9            1        0.769836E-01       0.483585E+00            22.649
     10            1        0.761490E-01       0.483406E+00            22.726
     11            1        0.753273E-01       0.483169E+00            22.802
     12            0        0.745196E-01       0.249275E+01            22.877
     13            1        0.574219E-01       0.786923E+00            22.877
     14            1        0.522849E-01       0.847483E-01            22.935
     15            1        0.129275E-01       0.801984E-04            22.987
Time in fs:     23.00000
Complete equation: Runge-Kutta order 5
   Step        Accepted?    Stepsize [fs]      Error (scaled)       Time [fs]
      1            1        0.709044E-01       0.409736E+00            23.000
      2            1        0.718970E-01       0.461686E+00            23.071
      3            1        0.712057E-01       0.462183E+00            23.143
      4            1        0.708456E-01       0.472982E+00            23.214
      5            1        0.702141E-01       0.474269E+00            23.285
      6            1        0.696204E-01       0.476165E+00            23.355
      7            1        0.689924E-01       0.476214E+00            23.425
      8            1        0.683798E-01       0.476107E+00            23.494
      9            1        0.677755E-01       0.475610E+00            23.562
     10            1        0.671878E-01       0.475026E+00            23.630
     11            1        0.666164E-01       0.474350E+00            23.697
     12            1        0.660626E-01       0.473640E+00            23.764
     13            1        0.655263E-01       0.472899E+00            23.830
     14            1        0.650078E-01       0.472136E+00            23.895
     15            1        0.397642E-01       0.416082E-01            23.960
Time in fs:     24.00000
Complete equation: Runge-Kutta order 5
   Step        Accepted?    Stepsize [fs]      Error (scaled)       Time [fs]
      1            1        0.645071E-01       0.482015E+00            24.000
      2            1        0.636283E-01       0.466166E+00            24.065
      3            1        0.633233E-01       0.470807E+00            24.128
      4            1        0.628296E-01       0.467803E+00            24.191
      5            1        0.624323E-01       0.467715E+00            24.254
      6            1        0.620237E-01       0.466549E+00            24.317
      7            1        0.616435E-01       0.465822E+00            24.379
      8            1        0.612757E-01       0.464974E+00            24.440
      9            1        0.609251E-01       0.464233E+00            24.502
     10            1        0.605886E-01       0.463533E+00            24.563
     11            1        0.602656E-01       0.462924E+00            24.623
     12            1        0.599540E-01       0.462418E+00            24.683
     13            1        0.596520E-01       0.462045E+00            24.743
     14            1        0.593571E-01       0.461815E+00            24.803
     15            1        0.590668E-01       0.461717E+00            24.862
     16            1        0.587788E-01       0.461717E+00            24.921
     17            1        0.197484E-01       0.200241E-02            24.980
Time in fs:     25.00000
Complete equation: Runge-Kutta order 5
   Step        Accepted?    Stepsize [fs]      Error (scaled)       Time [fs]
      1            1        0.584917E-01       0.465615E+00            25.000
      2            1        0.580354E-01       0.458919E+00            25.058
      3            1        0.578311E-01       0.462146E+00            25.117
      4            1        0.575256E-01       0.461215E+00            25.174
      5            1        0.572573E-01       0.461592E+00            25.232
      6            1        0.569778E-01       0.461286E+00            25.289
      7            1        0.567079E-01       0.461100E+00            25.346
      8            1        0.564417E-01       0.460767E+00            25.403
      9            1        0.561826E-01       0.460417E+00            25.459
     10            1        0.559304E-01       0.460024E+00            25.515
     11            0        0.556858E-01       0.472711E+01            25.571
     12            1        0.384862E-01       0.144711E+00            25.571
     13            1        0.466416E-01       0.191269E+00            25.610
     14            1        0.514703E-01       0.318884E+00            25.657
     15            1        0.526560E-01       0.364134E+00            25.708
     16            1        0.537553E-01       0.411452E+00            25.761
     17            1        0.540356E-01       0.430228E+00            25.814
     18            1        0.541709E-01       0.443697E+00            25.868
     19            1        0.541193E-01       0.449583E+00            25.923
     20            1        0.232832E-01       0.668540E-02            25.977
Time in fs:     26.00000
Complete equation: Runge-Kutta order 5
   Step        Accepted?    Stepsize [fs]      Error (scaled)       Time [fs]
      1            1        0.540132E-01       0.456465E+00            26.000
      2            1        0.537730E-01       0.454014E+00            26.054
      3            1        0.536391E-01       0.455820E+00            26.108
      4            1        0.534579E-01       0.455368E+00            26.161
      5            1        0.532947E-01       0.455425E+00            26.215
      6            1        0.531289E-01       0.455100E+00            26.268
      7            1        0.529702E-01       0.454821E+00            26.321
      8            1        0.528160E-01       0.454477E+00            26.374
      9            1        0.526677E-01       0.454142E+00            26.427
     10            1        0.525249E-01       0.453806E+00            26.480
     11            1        0.523874E-01       0.453484E+00            26.532
     12            1        0.522551E-01       0.453176E+00            26.585
     13            1        0.521277E-01       0.452885E+00            26.637
     14            1        0.520048E-01       0.452613E+00            26.689
     15            1        0.518862E-01       0.452367E+00            26.741
     16            1        0.517714E-01       0.452156E+00            26.793
     17            1        0.516599E-01       0.451989E+00            26.845
     18            1        0.515508E-01       0.451873E+00            26.896
     19            1        0.514435E-01       0.451805E+00            26.948
     20            1        0.627463E-03       0.176247E-09            26.999
Time in fs:     27.00000
Complete equation: Runge-Kutta order 5
   Step        Accepted?    Stepsize [fs]      Error (scaled)       Time [fs]
      1            1        0.513372E-01       0.451889E+00            27.000
      2            1        0.511965E-01       0.450342E+00            27.051
      3            1        0.511189E-01       0.451578E+00            27.103
      4            1        0.510107E-01       0.451446E+00            27.154
      5            1        0.509108E-01       0.451650E+00            27.205
      6            1        0.508066E-01       0.451610E+00            27.256
      7            1        0.507044E-01       0.451582E+00            27.306
      8            1        0.506026E-01       0.451491E+00            27.357
      9            1        0.505027E-01       0.451380E+00            27.408
     10            1        0.504047E-01       0.451244E+00            27.458
     11            1        0.503089E-01       0.451096E+00            27.509
     12            0        0.502156E-01       0.131626E+01            27.559
     13            1        0.431313E-01       0.474159E+00            27.559
     14            1        0.426873E-01       0.200582E+00            27.602
     15            1        0.489992E-01       0.403291E+00            27.645
     16            1        0.482578E-01       0.376727E+00            27.694
     17            1        0.494436E-01       0.428908E+00            27.742
     18            1        0.494188E-01       0.431324E+00            27.791
     19            1        0.496035E-01       0.443024E+00            27.841
     20            1        0.495741E-01       0.445270E+00            27.890
     21            1        0.495551E-01       0.447978E+00            27.940
     22            1        0.104252E-01       0.184680E-03            27.990
Time in fs:     28.00000
Complete equation: Runge-Kutta order 5
   Step        Accepted?    Stepsize [fs]      Error (scaled)       Time [fs]
      1            1        0.494951E-01       0.449592E+00            28.000
      2            1        0.494022E-01       0.448901E+00            28.049
      3            1        0.493442E-01       0.449766E+00            28.099
      4            1        0.492671E-01       0.449728E+00            28.148
      5            1        0.491946E-01       0.449865E+00            28.198
      6            1        0.491195E-01       0.449846E+00            28.247
      7            1        0.490455E-01       0.449840E+00            28.296
      8            1        0.489716E-01       0.449807E+00            28.345
      9            1        0.488984E-01       0.449777E+00            28.394
     10            1        0.488257E-01       0.449747E+00            28.443
     11            1        0.487535E-01       0.449723E+00            28.492
     12            1        0.486818E-01       0.449707E+00            28.540
     13            1        0.486104E-01       0.449699E+00            28.589
     14            1        0.485391E-01       0.449701E+00            28.638
     15            1        0.484679E-01       0.449713E+00            28.686
     16            1        0.483966E-01       0.449735E+00            28.735
     17            1        0.483250E-01       0.449765E+00            28.783
     18            1        0.482531E-01       0.449805E+00            28.831
     19            1        0.481807E-01       0.449853E+00            28.880
     20            1        0.481077E-01       0.449908E+00            28.928
     21            1        0.241206E-01       0.143023E-01            28.976
Time in fs:     29.00000
Complete equation: Runge-Kutta order 5
   Step        Accepted?    Stepsize [fs]      Error (scaled)       Time [fs]
      1            1        0.480340E-01       0.451764E+00            29.000
      2            1        0.479046E-01       0.449261E+00            29.048
      3            1        0.478510E-01       0.450360E+00            29.096
      4            1        0.477671E-01       0.450063E+00            29.144
      5            1        0.476933E-01       0.450274E+00            29.192
      6            1        0.476145E-01       0.450277E+00            29.239
      7            1        0.475367E-01       0.450344E+00            29.287
      8            1        0.474579E-01       0.450372E+00            29.334
      9            1        0.473790E-01       0.450400E+00            29.382
     10            1        0.472998E-01       0.450412E+00            29.429
     11            1        0.472207E-01       0.887006E+00            29.477
     12            1        0.420118E-01       0.252209E+00            29.524
     13            1        0.475589E-01       0.472948E+00            29.566
     14            1        0.460073E-01       0.403980E+00            29.613
     15            1        0.468792E-01       0.447470E+00            29.659
     16            1        0.466495E-01       0.440226E+00            29.706
     17            1        0.467407E-01       0.448189E+00            29.753
     18            1        0.466591E-01       0.447875E+00            29.800
     19            1        0.466166E-01       0.449376E+00            29.846
     20            1        0.465464E-01       0.449470E+00            29.893
     21            1        0.464808E-01       0.449711E+00            29.939
     22            1        0.140910E-01       0.115643E-02            29.986
Time in fs:     30.00000
Complete equation: Runge-Kutta order 5
   Step        Accepted?    Stepsize [fs]      Error (scaled)       Time [fs]
      1            1        0.464115E-01       0.450619E+00            30.000
      2            1        0.463064E-01       0.448737E+00            30.046
      3            1        0.462591E-01       0.449560E+00            30.093
      4            1        0.461898E-01       0.449208E+00            30.139
      5            1        0.461300E-01       0.449215E+00            30.185
      6            1        0.460688E-01       0.449036E+00            30.231
      7            1        0.460108E-01       0.448894E+00            30.277
      8            1        0.459546E-01       0.448716E+00            30.323
      9            1        0.459010E-01       0.448533E+00            30.369
     10            1        0.458499E-01       0.448337E+00            30.415
     11            1        0.458016E-01       0.448131E+00            30.461
     12            1        0.457560E-01       0.447914E+00            30.507
     13            1        0.457134E-01       0.447686E+00            30.553
     14            1        0.456739E-01       0.447444E+00            30.598
     15            1        0.456378E-01       0.447188E+00            30.644
     16            1        0.456051E-01       0.446912E+00            30.690
     17            1        0.455761E-01       0.446614E+00            30.735
     18            1        0.455513E-01       0.446289E+00            30.781
     19            1        0.455308E-01       0.445934E+00            30.826
     20            1        0.455152E-01       0.445550E+00            30.872
     21            1        0.455048E-01       0.445138E+00            30.917
     22            1        0.370519E-01       0.159198E+00            30.963
Time in fs:     31.00000
Complete equation: Runge-Kutta order 5
   Step        Accepted?    Stepsize [fs]      Error (scaled)       Time [fs]
      1            1        0.455001E-01       0.444521E+00            31.000
      2            1        0.455023E-01       0.443871E+00            31.046
      3            1        0.455154E-01       0.443438E+00            31.091
      4            1        0.455333E-01       0.442937E+00            31.137
      5            1        0.455582E-01       0.442476E+00            31.182
      6            1        0.455892E-01       0.442013E+00            31.228
      7            1        0.456264E-01       0.441566E+00            31.273
      8            0        0.456695E-01       0.216199E+01            31.319
      9            1        0.360532E-01       0.746171E+00            31.319
     10            1        0.330068E-01       0.871614E-01            31.355
     11            1        0.444534E-01       0.384198E+00            31.388
     12            1        0.426959E-01       0.311853E+00            31.432
     13            1        0.450857E-01       0.406486E+00            31.475
     14            1        0.451338E-01       0.405312E+00            31.520
     15            1        0.456859E-01       0.426924E+00            31.565
     16            1        0.458328E-01       0.429735E+00            31.611
     17            1        0.460245E-01       0.434396E+00            31.657
     18            1        0.461444E-01       0.435412E+00            31.703
     19            1        0.462662E-01       0.436249E+00            31.749
     20            1        0.463775E-01       0.436319E+00            31.795
     21            1        0.464914E-01       0.436234E+00            31.842
     22            1        0.466074E-01       0.435968E+00            31.888
     23            1        0.467282E-01       0.435639E+00            31.935
     24            1        0.185882E-01       0.429820E-02            31.981
Time in fs:     32.00000
Complete equation: Runge-Kutta order 5
   Step        Accepted?    Stepsize [fs]      Error (scaled)       Time [fs]
      1            1        0.468542E-01       0.432871E+00            32.000
      2            1        0.470685E-01       0.436168E+00            32.047
      3            1        0.471722E-01       0.434033E+00            32.094
      4            1        0.473299E-01       0.434082E+00            32.141
      5            1        0.474780E-01       0.433367E+00            32.188
      6            1        0.476400E-01       0.432971E+00            32.236
      7            1        0.478069E-01       0.432467E+00            32.284
      8            1        0.479822E-01       0.432010E+00            32.331
      9            1        0.481644E-01       0.431539E+00            32.379
     10            1        0.483543E-01       0.431075E+00            32.427
     11            1        0.485517E-01       0.430612E+00            32.476
     12            1        0.487567E-01       0.430153E+00            32.524
     13            1        0.489694E-01       0.429697E+00            32.573
     14            1        0.491897E-01       0.429247E+00            32.622
     15            1        0.494178E-01       0.428800E+00            32.671
     16            1        0.496536E-01       0.428356E+00            32.721
     17            1        0.498972E-01       0.427910E+00            32.770
     18            1        0.501489E-01       0.427459E+00            32.820
     19            1        0.504087E-01       0.426998E+00            32.870
     20            1        0.506771E-01       0.426521E+00            32.921
     21            1        0.284784E-01       0.233696E-01            32.972
Time in fs:     33.00000
Complete equation: Runge-Kutta order 5
   Step        Accepted?    Stepsize [fs]      Error (scaled)       Time [fs]
      1            1        0.509544E-01       0.419209E+00            33.000
      2            1        0.514673E-01       0.427841E+00            33.051
      3            1        0.516836E-01       0.423727E+00            33.102
      4            1        0.520286E-01       0.424464E+00            33.154
      5            0        0.523402E-01       0.124818E+01            33.206
      6            0        0.453639E-01       0.112806E+01            33.206
      7            1        0.399997E-01       0.952633E+00            33.206
      8            1        0.350748E-01       0.571970E-01            33.246
      9            1        0.512438E-01       0.370640E+00            33.281
     10            1        0.486919E-01       0.277816E+00            33.332
     11            1        0.523623E-01       0.386393E+00            33.381
     12            1        0.526280E-01       0.382366E+00            33.434
     13            1        0.536932E-01       0.407340E+00            33.486
     14            1        0.541711E-01       0.409814E+00            33.540
     15            1        0.547355E-01       0.414948E+00            33.594
     16            1        0.552022E-01       0.415761E+00            33.649
     17            1        0.556820E-01       0.416471E+00            33.704
     18            1        0.561541E-01       0.416295E+00            33.760
     19            1        0.566382E-01       0.415969E+00            33.816
     20            1        0.571331E-01       0.415444E+00            33.872
     21            1        0.576429E-01       0.414861E+00            33.930
     22            1        0.128132E-01       0.218369E-03            33.987
Time in fs:     34.00000
Complete equation: Runge-Kutta order 5
   Step        Accepted?    Stepsize [fs]      Error (scaled)       Time [fs]
      1            1        0.581681E-01       0.409913E+00            34.000
      2            1        0.589781E-01       0.418604E+00            34.058
      3            1        0.593929E-01       0.412669E+00            34.117
      4            1        0.600063E-01       0.413103E+00            34.177
      5            1        0.605806E-01       0.411547E+00            34.237
      6            1        0.612022E-01       0.410969E+00            34.297
      7            1        0.618356E-01       0.410142E+00            34.358
      8            1        0.624935E-01       0.409481E+00            34.420
      9            1        0.631706E-01       0.408805E+00            34.483
     10            1        0.638688E-01       0.408175E+00            34.546
     11            1        0.645875E-01       0.407566E+00            34.610
     12            1        0.653268E-01       0.406986E+00            34.674
     13            1        0.660865E-01       0.406436E+00            34.740
     14            1        0.668667E-01       0.405919E+00            34.806
     15            1        0.676671E-01       0.405435E+00            34.873
     16            1        0.597687E-01       0.205610E+00            34.940
Time in fs:     35.00000
Complete equation: Runge-Kutta order 5
   Step        Accepted?    Stepsize [fs]      Error (scaled)       Time [fs]
      1            1        0.684874E-01       0.383750E+00            35.000
      2            1        0.702240E-01       0.408725E+00            35.068
      3            1        0.708185E-01       0.400230E+00            35.139
      4            0        0.718545E-01       0.560787E+02            35.210
      5            0        0.326138E-01       0.179054E+01            35.210
      6            0        0.265850E-01       0.145497E+01            35.210
      7            0        0.224488E-01       0.122657E+01            35.210
      8            0        0.195145E-01       0.106523E+01            35.210
      9            1        0.173754E-01       0.947908E+00            35.210
     10            1        0.152132E-01       0.179732E-03            35.227
     11            1        0.591898E-01       0.155663E+00            35.242
     12            1        0.517610E-01       0.757270E-01            35.301
     13            1        0.670595E-01       0.262750E+00            35.353
     14            1        0.683204E-01       0.271668E+00            35.420
     15            1        0.727425E-01       0.349438E+00            35.488
     16            1        0.743052E-01       0.364209E+00            35.561
     17            1        0.761320E-01       0.384878E+00            35.635
     18            1        0.774031E-01       0.390818E+00            35.712
     19            1        0.786644E-01       0.395755E+00            35.789
     20            1        0.798247E-01       0.397479E+00            35.868
     21            1        0.524787E-01       0.459446E-01            35.948
Time in fs:     36.00000
Complete equation: Runge-Kutta order 5
   Step        Accepted?    Stepsize [fs]      Error (scaled)       Time [fs]
      1            1        0.809829E-01       0.381039E+00            36.000
      2            1        0.831366E-01       0.405455E+00            36.081
      3            1        0.839312E-01       0.396674E+00            36.164
      4            1        0.852608E-01       0.400518E+00            36.248
      5            1        0.863940E-01       0.399554E+00            36.333
      6            1        0.876119E-01       0.400537E+00            36.420
      7            1        0.888013E-01       0.400962E+00            36.507
      8            1        0.899995E-01       0.401841E+00            36.596
      9            1        0.911838E-01       0.402831E+00            36.686
     10            1        0.923531E-01       0.404100E+00            36.777
     11            1        0.934966E-01       0.405610E+00            36.870
     12            1        0.368482E-01       0.369767E-02            36.963
Time in fs:     37.00000
Complete equation: Runge-Kutta order 5
   Step        Accepted?    Stepsize [fs]      Error (scaled)       Time [fs]
      1            1        0.946061E-01       0.399082E+00            37.000
      2            1        0.963611E-01       0.416386E+00            37.095
      3            1        0.970225E-01       0.411663E+00            37.191
      4            1        0.980444E-01       0.416286E+00            37.288
      5            1        0.988440E-01       0.417899E+00            37.386
      6            1        0.996292E-01       0.421032E+00            37.485
      7            1        0.100309E+00       0.423841E+00            37.585
      8            0        0.100909E+00       0.176116E+03            37.685
      9            0        0.377038E-01       0.237615E+01            37.685
     10            0        0.292907E-01       0.184883E+01            37.685
     11            0        0.237465E-01       0.150058E+01            37.685
     12            0        0.199470E-01       0.126155E+01            37.685
     13            0        0.172571E-01       0.109210E+01            37.685
     14            1        0.153005E-01       0.968741E+00            37.685
     15            1        0.133777E-01       0.177232E-04            37.700
     16            1        0.772358E-01       0.112825E+00            37.713
     17            1        0.696870E-01       0.665603E-01            37.791
     18            1        0.911054E-01       0.251635E+00            37.860
     19            1        0.484778E-01       0.106366E-01            37.952
Time in fs:     38.00000
Complete equation: Runge-Kutta order 5
   Step        Accepted?    Stepsize [fs]      Error (scaled)       Time [fs]
      1            1        0.930217E-01       0.275797E+00            38.000
      2            1        0.100890E+00       0.412911E+00            38.093
      3            1        0.100235E+00       0.400314E+00            38.194
      4            1        0.101739E+00       0.434029E+00            38.294
      5            1        0.101729E+00       0.438559E+00            38.396
      6            1        0.101870E+00       0.448321E+00            38.498
      7            1        0.101671E+00       0.452514E+00            38.599
      8            1        0.101402E+00       0.456760E+00            38.701
      9            1        0.101011E+00       0.459674E+00            38.803
     10            1        0.964315E-01       0.374651E+00            38.904
Time in fs:     39.00000
Complete equation: Runge-Kutta order 5
   Step        Accepted?    Stepsize [fs]      Error (scaled)       Time [fs]
      1            1        0.100550E+00       0.476367E+00            39.000
      2            0        0.993791E-01       0.277734E+01            39.101
      3            0        0.751831E-01       0.108294E+01            39.101
      4            1        0.667545E-01       0.906942E+00            39.101
      5            1        0.592996E-01       0.369233E-01            39.167
      6            1        0.931444E-01       0.363211E+00            39.227
      7            1        0.872698E-01       0.270712E+00            39.320
      8            1        0.941860E-01       0.409954E+00            39.407
      9            1        0.936191E-01       0.411856E+00            39.501
     10            1        0.945387E-01       0.448066E+00            39.595
     11            1        0.941269E-01       0.454286E+00            39.689
     12            1        0.938132E-01       0.462951E+00            39.783
     13            1        0.932521E-01       0.465463E+00            39.877
     14            1        0.294457E-01       0.149045E-02            39.971
Time in fs:     40.00000
Complete equation: Runge-Kutta order 5
   Step        Accepted?    Stepsize [fs]      Error (scaled)       Time [fs]
      1            0        0.926792E-01       0.211243E+02            40.000
      2            1        0.496606E-01       0.825677E+00            40.000
      3            0        0.447010E-01       0.660107E+01            40.050
      4            1        0.291894E-01       0.312786E+00            40.050
      5            1        0.317650E-01       0.260455E-02            40.079
      6            1        0.750457E-01       0.196968E+00            40.111
      7            1        0.701699E-01       0.145613E+00            40.186
      8            1        0.821154E-01       0.331606E+00            40.256
      9            1        0.825448E-01       0.353955E+00            40.338
     10            1        0.848078E-01       0.421778E+00            40.420
     11            1        0.847953E-01       0.438876E+00            40.505
     12            1        0.848046E-01       0.457267E+00            40.590
     13            1        0.843581E-01       0.463688E+00            40.675
     14            1        0.838529E-01       0.468362E+00            40.759
     15            1        0.832550E-01       0.470223E+00            40.843
     16            0        0.736355E-01       0.221701E+02            40.926
     17            1        0.391336E-01       0.843663E+00            40.926
     18            1        0.345020E-01       0.600072E-02            40.965
Time in fs:     41.00000
Complete equation: Runge-Kutta order 5
   Step        Accepted?    Stepsize [fs]      Error (scaled)       Time [fs]
      1            1        0.351751E-01       0.672103E-02            41.000
      2            1        0.717355E-01       0.243743E+00            41.035
      3            1        0.671887E-01       0.181492E+00            41.107
      4            1        0.763853E-01       0.356890E+00            41.174
      5            1        0.765025E-01       0.372877E+00            41.250
      6            1        0.781364E-01       0.429930E+00            41.327
      7            1        0.780335E-01       0.443165E+00            41.405
      8            1        0.779728E-01       0.458045E+00            41.483
      9            1        0.775701E-01       0.463081E+00            41.561
     10            1        0.771279E-01       0.466862E+00            41.639
     11            0        0.766158E-01       0.227964E+02            41.716
     12            1        0.405250E-01       0.415401E+00            41.716
     13            1        0.410766E-01       0.210172E-01            41.756
     14            1        0.688236E-01       0.285784E+00            41.797
     15            1        0.656684E-01       0.233664E+00            41.866
     16            0        0.680785E-01       0.207239E+02            41.932
     17            1        0.365976E-01       0.772491E+00            41.932
     18            1        0.314809E-01       0.636592E-02            41.969
Time in fs:     42.00000
Complete equation: Runge-Kutta order 5
   Step        Accepted?    Stepsize [fs]      Error (scaled)       Time [fs]
      1            1        0.324711E-01       0.755159E-02            42.000
      2            1        0.649222E-01       0.248108E+00            42.032
      3            1        0.609072E-01       0.186333E+00            42.097
      4            1        0.689838E-01       0.359704E+00            42.158
      5            1        0.690702E-01       0.375448E+00            42.227
      6            1        0.704851E-01       0.431246E+00            42.296
      7            0        0.703751E-01       0.172170E+01            42.367
      8            1        0.577496E-01       0.556425E+00            42.367
      9            1        0.555215E-01       0.138660E+00            42.425
     10            1        0.682949E-01       0.404339E+00            42.480
     11            1        0.662464E-01       0.360111E+00            42.548
     12            1        0.684038E-01       0.438617E+00            42.615
     13            1        0.679870E-01       0.441549E+00            42.683
     14            1        0.680307E-01       0.459772E+00            42.751
     15            1        0.676261E-01       0.463136E+00            42.819
     16            1        0.672494E-01       0.467322E+00            42.887
     17            1        0.460510E-01       0.724387E-01            42.954
Time in fs:     43.00000
Complete equation: Runge-Kutta order 5
   Step        Accepted?    Stepsize [fs]      Error (scaled)       Time [fs]
      1            1        0.667920E-01       0.480318E+00            43.000
      2            1        0.659216E-01       0.466442E+00            43.067
      3            1        0.655897E-01       0.471473E+00            43.133
      4            1        0.650642E-01       0.469322E+00            43.198
      5            1        0.646209E-01       0.469848E+00            43.263
      6            1        0.641567E-01       0.469329E+00            43.328
      7            1        0.637106E-01       0.469179E+00            43.392
      8            0        0.632682E-01       0.367562E+01            43.456
      9            1        0.456375E-01       0.220942E+00            43.456
     10            1        0.515099E-01       0.170939E+00            43.501
     11            1        0.589279E-01       0.345322E+00            43.553
     12            1        0.592078E-01       0.364952E+00            43.612
     13            1        0.606137E-01       0.423721E+00            43.671
     14            1        0.606316E-01       0.438124E+00            43.732
     15            0        0.606671E-01       0.370469E+01            43.792
     16            0        0.437027E-01       0.105544E+01            43.792
     17            1        0.389732E-01       0.939264E+00            43.792
     18            1        0.343004E-01       0.264163E-01            43.831
     19            1        0.571130E-01       0.346956E+00            43.866
     20            0        0.532115E-01       0.157977E+01            43.923
     21            1        0.443085E-01       0.539416E+00            43.923
     22            1        0.329207E-01       0.226642E-01            43.967
Time in fs:     44.00000
Complete equation: Runge-Kutta order 5
   Step        Accepted?    Stepsize [fs]      Error (scaled)       Time [fs]
      1            1        0.424535E-01       0.824566E-01            44.000
      2            1        0.565351E-01       0.354694E+00            44.042
      3            1        0.549205E-01       0.315533E+00            44.099
      4            1        0.576944E-01       0.415289E+00            44.154
      5            1        0.575730E-01       0.422700E+00            44.212
      6            1        0.579121E-01       0.447613E+00            44.269
      7            1        0.577298E-01       0.452851E+00            44.327
      8            1        0.575660E-01       0.458615E+00            44.385
      9            0        0.573061E-01       0.100587E+01            44.442
     10            1        0.515242E-01       0.654329E+00            44.442
     11            1        0.483088E-01       0.196334E+00            44.494
     12            1        0.563757E-01       0.435524E+00            44.542
     13            1        0.547548E-01       0.385728E+00            44.599
     14            1        0.560476E-01       0.444171E+00            44.653
     15            1        0.557400E-01       0.442618E+00            44.709
     16            1        0.557811E-01       0.454874E+00            44.765
     17            1        0.555558E-01       0.456219E+00            44.821
     18            1        0.553640E-01       0.458714E+00            44.876
     19            1        0.551284E-01       0.459145E+00            44.932
     20            1        0.130352E-01       0.342725E-03            44.987
Time in fs:     45.00000
Complete equation: Runge-Kutta order 5
   Step        Accepted?    Stepsize [fs]      Error (scaled)       Time [fs]
      1            1        0.548969E-01       0.461802E+00            45.000
      2            1        0.545448E-01       0.456746E+00            45.055
      3            1        0.543788E-01       0.459233E+00            45.109
      4            1        0.541394E-01       0.458359E+00            45.164
      5            1        0.539302E-01       0.458488E+00            45.218
      6            1        0.537152E-01       0.458091E+00            45.272
      7            1        0.535095E-01       0.457813E+00            45.326
      8            1        0.533083E-01       0.457448E+00            45.379
      9            1        0.531137E-01       0.457093E+00            45.432
     10            1        0.529252E-01       0.947899E+00            45.486
     11            1        0.465860E-01       0.242825E+00            45.538
     12            1        0.532192E-01       0.480326E+00            45.585
     13            0        0.512698E-01       0.320062E+01            45.638
     14            0        0.378629E-01       0.236935E+01            45.638
     15            0        0.294286E-01       0.185111E+01            45.638
     16            0        0.238533E-01       0.150586E+01            45.638
     17            0        0.200248E-01       0.126729E+01            45.638
     18            0        0.173110E-01       0.109744E+01            45.638
     19            1        0.153356E-01       0.973412E+00            45.638
     20            1        0.134646E-01       0.503007E-03            45.654
     21            1        0.440250E-01       0.190061E+00            45.667
     22            1        0.387787E-01       0.101936E+00            45.711
     23            1        0.481477E-01       0.304873E+00            45.750
     24            1        0.484006E-01       0.317171E+00            45.798
     25            1        0.504939E-01       0.397279E+00            45.846
     26            0        0.507793E-01       0.206921E+02            45.897
     27            1        0.273050E-01       0.409539E+00            45.897
     28            1        0.275650E-01       0.192343E-01            45.924
     29            1        0.468597E-01       0.276234E+00            45.952
     30            1        0.135699E-02       0.561762E-08            45.999
Time in fs:     46.00000
Complete equation: Runge-Kutta order 5
   Step        Accepted?    Stepsize [fs]      Error (scaled)       Time [fs]
      1            1        0.448114E-01       0.223400E+00            46.000
      2            1        0.503741E-01       0.405878E+00            46.045
      3            1        0.497721E-01       0.386522E+00            46.095
      4            1        0.507861E-01       0.432299E+00            46.145
      5            1        0.507447E-01       0.435116E+00            46.196
      6            1        0.508747E-01       0.445213E+00            46.246
      7            1        0.508197E-01       0.447120E+00            46.297
      8            1        0.507744E-01       0.449268E+00            46.348
      9            0        0.506966E-01       0.122436E+02            46.399
     10            1        0.298042E-01       0.357617E+00            46.399
     11            1        0.309413E-01       0.377105E-01            46.429
     12            1        0.466573E-01       0.296545E+00            46.460
     13            1        0.452861E-01       0.257352E+00            46.506
     14            1        0.488992E-01       0.380814E+00            46.552
     15            1        0.491183E-01       0.392391E+00            46.601
     16            1        0.498635E-01       0.426247E+00            46.650
     17            1        0.499725E-01       0.434036E+00            46.700
     18            1        0.500934E-01       0.442380E+00            46.749
     19            1        0.500887E-01       0.445142E+00            46.800
     20            1        0.500690E-01       0.447150E+00            46.850
     21            1        0.500235E-01       0.447903E+00            46.900
     22            1        0.502258E-01       0.459808E+00            46.950
Time in fs:     47.00000
Complete equation: Runge-Kutta order 5
   Step        Accepted?    Stepsize [fs]      Error (scaled)       Time [fs]
      1            1        0.499728E-01       0.450925E+00            47.000
      2            1        0.498539E-01       0.448058E+00            47.050
      3            1        0.498172E-01       0.448793E+00            47.100
      4            1        0.497539E-01       0.448233E+00            47.150
      5            1        0.497045E-01       0.448204E+00            47.199
      6            1        0.496532E-01       0.447997E+00            47.249
      7            1        0.496058E-01       0.961592E+00            47.299
      8            1        0.435229E-01       0.230207E+00            47.348
      9            1        0.502018E-01       0.472496E+00            47.392
     10            1        0.483948E-01       0.464514E+00            47.442
     11            1        0.481535E-01       0.386394E+00            47.490
     12            1        0.494032E-01       0.440942E+00            47.539
     13            1        0.491965E-01       0.433325E+00            47.588
     14            1        0.493962E-01       0.443695E+00            47.637
     15            1        0.493633E-01       0.443612E+00            47.687
     16            1        0.493787E-01       0.445610E+00            47.736
     17            1        0.493560E-01       0.937724E+00            47.785
     18            1        0.434798E-01       0.235300E+00            47.835
     19            1        0.499157E-01       0.470846E+00            47.878
     20            1        0.481898E-01       0.395694E+00            47.928
     21            1        0.236866E-01       0.113326E-01            47.976
Time in fs:     48.00000
Complete equation: Runge-Kutta order 5
   Step        Accepted?    Stepsize [fs]      Error (scaled)       Time [fs]
      1            1        0.492677E-01       0.443717E+00            48.000
      2            1        0.492853E-01       0.445373E+00            48.049
      3            1        0.492675E-01       0.445362E+00            48.099
      4            1        0.492574E-01       0.445629E+00            48.148
      5            1        0.492421E-01       0.445610E+00            48.197
      6            1        0.492284E-01       0.999587E+00            48.246
      7            1        0.428990E-01       0.224242E+00            48.296
      8            1        0.497806E-01       0.473145E+00            48.338
      9            1        0.479273E-01       0.391841E+00            48.388
     10            1        0.490904E-01       0.442529E+00            48.436
     11            1        0.488825E-01       0.433896E+00            48.485
     12            1        0.490770E-01       0.443326E+00            48.534
     13            1        0.490538E-01       0.443018E+00            48.583
     14            1        0.490786E-01       0.444922E+00            48.632
     15            1        0.490663E-01       0.445187E+00            48.681
     16            1        0.490575E-01       0.445661E+00            48.730
     17            1        0.490409E-01       0.445843E+00            48.779
     18            1        0.490231E-01       0.446031E+00            48.829
     19            1        0.490025E-01       0.446166E+00            48.878
     20            1        0.489802E-01       0.446299E+00            48.927
     21            1        0.244921E-01       0.139351E-01            48.976
Time in fs:     49.00000
Complete equation: Runge-Kutta order 5
   Step        Accepted?    Stepsize [fs]      Error (scaled)       Time [fs]
      1            0        0.489561E-01       0.217265E+01            49.000
      2            1        0.386155E-01       0.703708E+00            49.000
      3            1        0.357164E-01       0.911279E-01            49.039
      4            1        0.476283E-01       0.386048E+00            49.074
      5            1        0.457894E-01       0.787307E+00            49.122
      6            1        0.413170E-01       0.190975E+00            49.168
      7            1        0.488035E-01       0.441244E+00            49.209
      8            1        0.472429E-01       0.376510E+00            49.258
      9            1        0.485830E-01       0.434981E+00            49.305
     10            1        0.484416E-01       0.430609E+00            49.354
     11            1        0.486637E-01       0.442635E+00            49.402
     12            1        0.486389E-01       0.443590E+00            49.451
     13            1        0.486498E-01       0.446202E+00            49.499
     14            1        0.486163E-01       0.446777E+00            49.548
     15            1        0.485837E-01       0.447358E+00            49.597
     16            0        0.485429E-01       0.747801E+01            49.645
     17            1        0.310330E-01       0.334562E+00            49.645
     18            1        0.325786E-01       0.609860E-01            49.676
     19            1        0.451507E-01       0.313484E+00            49.709
     20            1        0.442547E-01       0.284610E+00            49.754
     21            1        0.470791E-01       0.389409E+00            49.798
     22            1        0.473011E-01       0.400114E+00            49.845
     23            1        0.479026E-01       0.427679E+00            49.893
     24            1        0.480174E-01       0.434174E+00            49.941
     25            1        0.113927E-01       0.325496E-03            49.989
Time in fs:     50.00000
Complete equation: Runge-Kutta order 5
   Step        Accepted?    Stepsize [fs]      Error (scaled)       Time [fs]
      1            1        0.481375E-01       0.440400E+00            50.000
      2            1        0.482161E-01       0.927023E+00            50.048
      3            1        0.425386E-01       0.240559E+00            50.096
      4            1        0.486297E-01       0.471042E+00            50.139
      5            1        0.469865E-01       0.397095E+00            50.188
      6            1        0.480094E-01       0.442806E+00            50.235
      7            1        0.478264E-01       0.434722E+00            50.283
      8            1        0.480024E-01       0.442930E+00            50.330
      9            1        0.479907E-01       0.442341E+00            50.378
     10            1        0.480258E-01       0.443722E+00            50.426
     11            1        0.480328E-01       0.443610E+00            50.474
     12            1        0.480480E-01       0.443662E+00            50.522
     13            1        0.480616E-01       0.443432E+00            50.570
     14            1        0.480798E-01       0.443186E+00            50.619
     15            1        0.481015E-01       0.442873E+00            50.667
     16            0        0.481279E-01       0.165807E+01            50.715
     17            1        0.397473E-01       0.602649E+00            50.715
     18            1        0.377389E-01       0.133531E+00            50.754
     19            1        0.468690E-01       0.394334E+00            50.792
     20            1        0.455885E-01       0.342278E+00            50.839
     21            1        0.474337E-01       0.656929E+00            50.885
     22            1        0.439265E-01       0.281859E+00            50.932
     23            1        0.240092E-01       0.136654E-01            50.976
Time in fs:     51.00000
Complete equation: Runge-Kutta order 5
   Step        Accepted?    Stepsize [fs]      Error (scaled)       Time [fs]
      1            1        0.482131E-01       0.446544E+00            51.000
      2            1        0.481783E-01       0.442632E+00            51.048
      3            1        0.482237E-01       0.442190E+00            51.096
      4            1        0.482605E-01       0.441096E+00            51.145
      5            1        0.483156E-01       0.440589E+00            51.193
      6            1        0.483755E-01       0.440032E+00            51.241
      7            1        0.484437E-01       0.439578E+00            51.290
      8            1        0.485180E-01       0.439123E+00            51.338
      9            1        0.485990E-01       0.438681E+00            51.387
     10            1        0.486864E-01       0.438235E+00            51.435
     11            1        0.487805E-01       0.437783E+00            51.484
     12            1        0.488813E-01       0.437324E+00            51.533
     13            0        0.489891E-01       0.719703E+01            51.581
     14            1        0.315229E-01       0.349563E+00            51.581
     15            1        0.328172E-01       0.585733E-01            51.613
     16            1        0.458750E-01       0.310138E+00            51.646
     17            1        0.449740E-01       0.277255E+00            51.692
     18            1        0.480371E-01       0.380468E+00            51.737
     19            1        0.484039E-01       0.389427E+00            51.785
     20            1        0.491998E-01       0.415990E+00            51.833
     21            1        0.494970E-01       0.421650E+00            51.882
     22            0        0.498130E-01       0.757635E+01            51.932
     23            1        0.317744E-01       0.388240E+00            51.932
     24            1        0.324467E-01       0.499602E-01            51.964
     25            1        0.397648E-02       0.136834E-05            51.996
Time in fs:     52.00000
Complete equation: Runge-Kutta order 5
   Step        Accepted?    Stepsize [fs]      Error (scaled)       Time [fs]
      1            1        0.467963E-01       0.307741E+00            52.000
      2            1        0.498176E-01       0.413259E+00            52.047
      3            1        0.497044E-01       0.400471E+00            52.097
      4            1        0.504486E-01       0.422483E+00            52.146
      5            1        0.506766E-01       0.422728E+00            52.197
      6            1        0.510096E-01       0.426904E+00            52.247
      7            1        0.512602E-01       0.427144E+00            52.298
      8            1        0.515274E-01       0.427586E+00            52.350
      9            1        0.517881E-01       0.427252E+00            52.401
     10            1        0.520592E-01       0.426834E+00            52.453
     11            1        0.523387E-01       0.426235E+00            52.505
     12            1        0.526303E-01       0.425580E+00            52.557
     13            1        0.529343E-01       0.424867E+00            52.610
     14            1        0.532520E-01       0.424120E+00            52.663
     15            1        0.535841E-01       0.423341E+00            52.716
     16            0        0.539312E-01       0.151971E+01            52.770
     17            0        0.452047E-01       0.107584E+01            52.770
     18            1        0.401818E-01       0.894473E+00            52.770
     19            1        0.356101E-01       0.571872E-01            52.810
     20            1        0.518964E-01       0.368476E+00            52.846
     21            1        0.493608E-01       0.278907E+00            52.898
     22            1        0.531237E-01       0.391682E+00            52.947
Time in fs:     53.00000
Complete equation: Runge-Kutta order 5
   Step        Accepted?    Stepsize [fs]      Error (scaled)       Time [fs]
      1            1        0.530338E-01       0.376786E+00            53.000
      2            1        0.545481E-01       0.420337E+00            53.053
      3            1        0.547085E-01       0.412660E+00            53.108
      4            1        0.552828E-01       0.420169E+00            53.162
      5            1        0.556512E-01       0.419203E+00            53.218
      6            1        0.560844E-01       0.420045E+00            53.273
      7            1        0.564964E-01       0.419422E+00            53.329
      8            1        0.569305E-01       0.418927E+00            53.386
      9            1        0.573759E-01       0.418136E+00            53.443
     10            1        0.578407E-01       0.417307E+00            53.500
     11            1        0.583246E-01       0.416387E+00            53.558
     12            1        0.588299E-01       0.415421E+00            53.616
     13            1        0.593577E-01       0.414404E+00            53.675
     14            0        0.599097E-01       0.302516E+02            53.734
     15            0        0.302004E-01       0.107033E+01            53.734
     16            1        0.268681E-01       0.951178E+00            53.734
     17            1        0.235435E-01       0.383418E-02            53.761
     18            1        0.544528E-01       0.246605E+00            53.785
     19            1        0.497702E-01       0.150303E+00            53.839
     20            1        0.584531E-01       0.320773E+00            53.889
     21            1        0.524478E-01       0.177278E+00            53.948
Time in fs:     54.00000
Complete equation: Runge-Kutta order 5
   Step        Accepted?    Stepsize [fs]      Error (scaled)       Time [fs]
      1            1        0.591664E-01       0.308036E+00            54.000
      2            1        0.629761E-01       0.397524E+00            54.059
      3            1        0.632515E-01       0.382185E+00            54.122
      4            1        0.646102E-01       0.398926E+00            54.185
      5            1        0.654158E-01       0.397195E+00            54.250
      6            1        0.663943E-01       0.399287E+00            54.315
      7            1        0.673154E-01       0.398112E+00            54.382
      8            1        0.682980E-01       0.397186E+00            54.449
