 ------ Host: "tp-linux1" ----------Thu Mar  2 14:20:12 2017
            
 /home/thomas/cf4/DD-vMCG/cf4
 ---------------------------------------------------------------------------
  
 Subroutine       Calls N      cpu/N          cpu     %cpu        Clock
 PropWF                 1    48.7840         48.784    99.9        891.158
 Funkr               5886     0.0082         48.408    99.1        890.757
 RK5                   54     0.8914         48.136    98.5        890.498
 Gh_elements         5886     0.0057         33.408    68.4         33.229
 Gh_elems: sum      94176     0.0003         23.728    48.6         23.477
 Gwp_Gdot            5886     0.0021         12.556    25.7         12.731
 subgdot1            5886     0.0021         12.536    25.7         12.714
 Gh_elems: LHA       5886     0.0016          9.196    18.8          9.246
 DBread             29430     0.0003          8.664    17.7          8.781
 GWP overlap         5887     0.0001          0.556     1.1          0.526
 Gwp_Ymat            5886     0.0000          0.264     0.5          0.228
 Output                55     0.0036          0.196     0.4          0.213
 Gh_elems: kinet    88290     0.0000          0.204     0.4          0.185
 GWP ODE Test         911     0.0001          0.136     0.3          0.110
 Setgwpdyn1ms         912     0.0001          0.112     0.2          0.097
 Gwp_projector      12684     0.0000          0.104     0.2          0.080
 GWP orthonorm      12684     0.0000          0.064     0.1          0.054
 GenOPER                1     0.0480          0.048     0.1          0.180
 Init_WF                1     0.0120          0.012     0.0          0.026
 CalcOPs                1     0.0120          0.012     0.0          0.044
 Density             5887     0.0000          0.016     0.0          0.007
 Dicht1Phi           5886     0.0000          0.012     0.0          0.008
 HPhi                5886     0.0000          0.008     0.0          0.002
 PhiHunPhi           5886     0.0000          0.012     0.0          0.002
 Mfields             5886     0.0000          0.004     0.0          0.003
 Hlochphi            5886     0.0000          0.004     0.0          0.002
 PhiHPhi             5886     0.0000          0.000     0.0          0.005
 Project             5886     0.0000          0.004     0.0          0.007
 GenDVR                 1     0.0040          0.004     0.0          0.024
 HunPhi              5886     0.0000          0.000     0.0          0.002
 AddHunPhi           5886     0.0000          0.000     0.0          0.004
 GWPlindep1ms         912   -22.5002     -20520.148 *******          0.000

Total (cpu,wall)       48.856      891.225   (     0h : 14m :  51s)


 ---------------------------------------------------------------------------
 ------ Host: "tp-linux1" ----------Thu Mar  2 14:35:03 2017
            
